10000 50000
1295 5866
761 775
1644 5513
975 3618
1097 3289
1723 10040
897 1458
1111 5517
1197 6110
1428 1822
327 1310
1096 5976
1103 5217
887 1000
693 3890
407 334
1034 1794
585 993
402 1085
1437 1883
816 1533
885 1677
864 3486
1238 2014
1297 1901
1638 6084
247 343
1375 2458
1235 1618
1416 6225
667 1213
868 4850
291 579
538 346
700 3190
738 2666
1575 4646
1323 4160
1282 206
969 5134
456 76
1420 4827
1728 8674
1102 5316
1196 5857
921 856
1310 3516
329 50
1644 9046
1606 3358
292 1705
773 3084
855 2007
1195 3684
1502 1005
822 2474
680 1534
1182 2337
1911 9429
682 3221
994 2120
841 121
810 4658
1794 10883
669 4033
1503 1199
831 1011
66 135
1400 3276
1589 5369
579 2135
1006 4180
384 1819
1380 4414
1559 8397
575 2446
707 2411
162 942
992 2651
883 2238
710 4280
1153 6905
1071 3309
1210 1927
1938 2655
881 3683
611 2445
1486 5555
1016 5505
501 153
650 3598
1435 7465
921 4949
326 800
1005 1023
1149 4924
374 1988
787 3818
1132 3912
845 4516
644 2326
503 943
1860 2438
653 3059
984 2013
1430 5188
467 944
1194 3949
1044 3567
934 4438
1968 6390
1091 3371
581 2478
754 3900
537 3281
699 1336
1522 3463
1214 2852
1351 3395
752 2409
284 346
1110 2165
332 169
586 759
844 1546
1606 3999
482 1697
1085 6557
618 3444
657 404
1331 4430
644 2209
557 2350
561 1896
388 889
705 4166
956 4749
1671 4619
457 642
713 1758
1848 4451
372 820
806 2784
1622 771
109 326
897 2051
677 1260
830 3130
1817 10777
1337 3418
503 1197
960 4323
560 1263
227 753
1052 2198
948 3701
456 1737
308 510
1630 4781
1639 1263
1517 4160
884 896
1488 1442
963 1149
557 982
1249 7510
1262 3851
1406 5918
1114 4154
1307 3210
1049 5079
1635 9551
965 3318
1485 305
1039 4823
759 2194
1100 5785
453 2390
1436 7291
483 392
1575 8145
1196 3561
503 1377
1426 2025
1129 5806
1587 8528
428 1621
357 2084
738 3257
172 800
1322 439
1028 123
211 322
447 1820
1400 3383
1024 2521
973 1028
932 2348
1298 4819
409 1138
951 529
114 658
604 1628
336 886
717 3869
1352 7532
777 3316
1560 2895
967 3723
983 3145
963 3395
706 2631
942 2492
837 2085
489 1006
1339 3425
984 892
1478 7043
894 4096
548 2639
1069 3924
1340 4007
378 884
1538 1413
853 2620
1569 2647
1181 2107
918 961
773 1636
1284 4281
886 3768
799 2514
832 813
804 244
619 785
1311 634
1000 1986
909 3347
1418 2120
1674 8267
1332 1515
1294 5027
395 338
623 869
1084 5631
492 187
1146 6857
1142 4941
1452 3453
343 1066
921 1830
1475 4021
637 1462
755 2536
794 919
1160 1796
799 1765
672 3754
384 682
1601 9075
1718 774
1196 6402
734 2731
1257 7508
1358 2492
1603 7021
1317 576
1266 7664
1567 2434
1170 4952
1074 2875
1066 3099
1034 659
863 651
1851 10980
1107 2496
1200 5894
925 4322
860 1238
1601 6264
122 602
1522 601
1606 8014
1277 1808
836 773
1175 4519
909 497
1354 3636
1800 335
1185 3467
502 1547
705 1141
566 1940
1515 2003
1178 2875
955 5820
1449 2325
1483 2547
644 2866
812 668
1490 7625
711 2762
1739 7170
1425 3019
285 397
445 2295
1709 4956
1195 4792
513 2825
1223 3484
1413 2999
1655 1517
329 1910
524 582
1671 2427
990 3095
1559 4724
398 828
1281 5083
366 813
709 2311
1427 3640
1378 5643
1490 7210
626 2945
693 257
538 2361
1117 430
1015 390
828 1230
945 1000
1595 9244
787 3869
1094 4062
882 3630
658 1272
335 1185
1271 7647
1670 3448
1313 6816
1023 4754
1382 5026
188 962
973 3658
280 1162
1908 5338
1473 1584
1825 10410
1196 6030
1434 4810
796 2398
916 1006
1276 1223
995 1306
680 2823
967 3400
741 823
603 928
1182 1631
1524 8849
639 2980
1169 2247
1269 1934
1380 4237
1088 2318
553 3165
518 807
1506 9003
1463 3433
225 244
1078 558
1116 2655
555 624
546 960
1505 6501
1203 1625
902 1374
1324 5035
407 1541
1172 1048
427 545
712 1453
983 5662
930 5140
1491 1371
953 1023
1541 803
1371 4585
319 467
1122 3406
1048 5216
1615 1801
976 2182
523 1281
1728 10263
1469 7189
1214 1621
703 2779
1056 3596
1099 2829
507 153
1005 408
733 2792
1097 3138
1162 6519
769 2216
1662 3892
1459 4604
1042 5816
1231 846
1057 735
219 177
162 416
635 1725
770 3559
1581 6305
814 1019
864 832
902 3792
1335 684
238 932
1151 5047
1765 4091
1144 1232
423 2459
1228 5094
766 2707
958 3530
1235 1337
1584 4263
1149 1553
1433 6031
159 115
1581 7722
382 1566
339 1308
919 4429
1072 3568
883 409
821 1942
923 174
598 889
678 726
1143 847
1897 9935
1385 7857
878 532
1603 9521
1003 2352
606 2789
1095 1176
546 2895
1158 784
446 2144
562 1391
935 3345
1345 6434
1780 7506
1857 6423
731 1343
558 2463
1082 993
1546 8043
1767 9700
812 1105
237 1166
900 1274
949 4414
1015 1360
1593 5908
1419 7982
950 2792
560 203
1257 6955
782 3057
1896 8216
369 1744
168 550
1044 4939
331 1048
1703 1054
1120 6519
843 4716
546 469
1831 6895
577 1231
1350 3185
699 676
1018 1656
985 3503
1472 2741
861 2584
1638 9023
1747 9864
742 206
1576 8054
1215 2260
664 204
845 2903
843 4657
434 235
1593 8180
1481 4729
1359 6889
846 545
1705 9037
1195 4852
603 2983
291 210
1063 6150
1732 7025
951 788
1114 3428
1722 934
1408 3545
1149 2833
692 408
873 4800
875 507
972 533
908 2931
708 198
877 481
695 3953
259 110
1372 4477
1066 4594
802 4832
427 118
539 2624
956 794
1817 7781
1621 8578
986 4665
463 1301
1389 449
856 327
1266 5659
1335 1118
1484 7858
1016 5268
303 1472
1256 3342
1112 5336
990 4338
518 1703
1128 3772
1174 5348
493 1336
1183 6950
1537 3926
1397 5774
727 270
560 1278
463 913
747 2636
440 1589
1044 3054
1418 4149
1383 4369
334 347
967 828
1534 7032
1398 2672
993 3904
1142 4251
1766 3553
1221 1984
1197 1581
639 2117
1437 1738
684 1781
861 232
1404 7684
1035 2903
1360 2412
1307 2654
1138 6398
518 2361
1058 6209
457 2338
741 2946
1346 3236
1144 2007
804 2195
1290 7353
1177 1936
1393 7708
1748 5202
777 2175
1124 2129
183 894
1112 5595
1605 9464
1139 1711
767 1666
485 2453
1047 765
1223 5774
1085 6253
1137 3223
673 2761
1056 2962
922 4784
325 1242
1492 1437
1719 7118
1361 1087
470 872
468 169
1067 3282
344 438
1168 1652
679 2809
1199 3329
714 3459
596 333
959 408
558 3154
875 2354
1389 4630
1103 5390
1322 7185
985 2091
433 681
1160 6732
1520 7112
597 218
836 2353
1151 563
1143 3055
617 1928
732 180
1153 1727
1062 6255
1045 4392
1854 601
791 2041
1157 2187
739 1243
910 600
1691 198
681 3508
1479 3601
977 4398
976 3563
1136 6068
1191 6792
1554 660
1802 2878
1396 4553
629 310
1443 1792
941 2990
1258 7082
987 2407
446 157
1143 5916
1270 610
61 360
883 1002
780 4726
904 1825
660 1453
1627 5134
1065 5985
591 735
1241 3620
546 1047
1241 7404
1282 7816
578 1301
1414 8086
575 2042
1667 4424
1505 1353
1216 6484
1683 9611
1064 1145
1075 3831
1479 6533
579 854
1764 1751
881 2467
429 1095
1109 6116
1267 188
298 1280
840 2115
1074 4850
407 596
546 2681
972 1571
1215 2298
1008 1119
904 4280
450 1784
1114 3723
779 4038
1136 3546
1004 543
971 5442
1093 2561
729 2666
737 1338
1005 3700
573 286
924 1703
834 1503
713 265
1237 4267
1334 296
1575 7289
1653 6771
313 190
885 1292
1100 5098
1023 2338
1316 3642
646 3123
799 4234
1446 8801
1139 1012
1375 2693
743 1740
374 273
1229 732
1777 3046
956 3282
1520 5230
597 2055
933 3044
920 1650
871 747
1104 4982
524 1559
403 1892
734 2250
340 408
360 673
1429 7814
1155 6673
727 1855
431 693
836 4359
303 1229
1004 3230
538 2575
1601 8394
967 3725
1559 9317
946 3442
626 1560
1241 1999
1193 7105
802 1303
1196 2640
1800 1470
1710 8578
338 1526
1700 1491
427 2115
1255 2121
157 300
979 5296
1091 4960
862 3156
563 603
578 1251
1502 7648
414 846
1491 2227
777 1622
804 3734
937 2030
1458 5336
569 787
1735 1232
773 3571
1666 4805
748 2092
1349 2896
452 1995
635 3125
952 1934
1378 354
937 2176
1623 4314
1213 310
928 385
1343 7152
1412 4462
1121 5883
1675 2693
1216 500
593 1957
682 1231
750 4524
965 5118
659 488
1104 2176
644 3087
852 1310
1178 3042
1613 2237
1109 1342
301 1211
410 1887
1392 3332
713 1784
1055 1904
951 2913
637 1400
1072 2348
1318 2217
473 1289
564 2077
783 907
1212 5156
1577 5052
1058 4316
273 1451
172 586
1488 1454
1034 1098
970 2035
660 3865
962 2079
1055 5788
1299 3732
1122 671
225 736
1458 6858
1340 3508
1346 7617
1104 883
1130 3217
1081 2540
846 2468
1547 643
1400 3372
185 504
1829 10088
1424 6889
1442 471
666 3956
402 1603
576 3018
338 123
1820 9544
830 3556
1160 2603
1022 2196
896 2656
1573 8547
1155 5975
1404 3440
1208 6882
1302 6940
976 4203
505 1571
1042 4015
1540 3995
1068 2061
1215 3425
844 2700
663 986
1076 5112
575 2988
620 3208
953 2047
1060 3014
1228 3562
886 2760
1290 3809
1433 4670
1369 4874
830 1766
596 1325
703 837
165 733
1580 2404
1405 2465
776 2745
924 769
461 1885
582 3331
229 554
964 3014
1007 652
1044 2035
949 617
582 2515
1128 4045
883 1076
911 2809
1027 4025
673 3719
790 1753
978 148
710 1702
1083 793
1386 5513
561 2107
847 3612
1252 2129
921 4768
877 4397
1627 1525
52 97
1377 3946
1049 1419
1094 482
769 4060
678 1311
1702 2671
1584 5745
952 5752
632 2078
415 1768
745 3158
1475 5538
1334 1935
1681 9983
683 4046
1252 2468
1266 1984
1194 780
1121 6708
1228 892
1389 1746
873 923
1322 2338
1058 3390
1304 2887
1587 6424
506 1595
196 514
1413 5726
1310 5588
1551 7265
993 3112
873 390
1393 3619
993 3184
1320 4703
274 1448
1427 3469
818 470
537 1245
1123 2331
1356 5635
264 43
853 2178
314 1865
535 331
699 4206
1290 2795
333 400
1223 3036
794 405
589 691
1274 7266
721 763
1351 6270
1105 1218
1145 1580
165 668
755 193
1813 6717
907 1129
1015 3714
786 1000
1652 9774
1403 1191
1071 3391
453 1710
1079 534
1639 8777
1515 7495
636 3445
353 524
932 3073
393 444
1040 2042
397 1737
1178 2297
559 734
1462 5520
1071 3944
1059 4911
1385 1224
773 3595
1251 3307
549 226
357 419
1197 7168
1138 1911
458 135
1387 4003
1271 3913
875 5176
769 836
1003 4280
1252 7457
660 2199
1041 5309
1335 2438
755 3053
904 3016
694 1583
1016 2626
192 384
1149 5045
1394 3663
1565 6802
901 4579
936 4361
1467 8128
899 4668
280 720
581 2525
636 2407
1259 1091
398 124
161 830
481 719
656 2964
1504 1674
770 1390
608 2740
453 1209
1110 6134
1087 1754
646 3751
563 1402
643 919
1105 4380
1645 4893
680 1004
1461 5836
667 1327
1077 3814
902 4179
653 2820
525 2250
673 409
576 956
1746 4006
1658 1933
843 4360
376 444
1045 6027
570 3070
275 1149
1020 4199
1024 999
751 1326
549 2615
1608 6710
906 2529
1075 2431
964 4872
809 3433
1593 3194
1502 5901
980 4726
1095 1016
909 4406
975 3509
672 1018
1100 2896
836 4997
510 634
982 1122
962 2665
1376 6304
667 4059
762 107
1649 6158
1679 7518
1004 1695
426 568
930 1495
808 4184
1397 158
1295 4773
1078 2177
1081 4789
1087 5650
939 3927
963 2372
1734 1356
440 2478
1240 2907
1365 3740
1204 5655
1183 5562
1225 6365
1351 2229
826 1843
1294 7274
1635 8969
270 159
723 1968
521 2009
1381 3714
299 1703
1637 5260
1432 7407
1520 3507
854 2181
573 1178
380 837
915 726
752 3484
1395 1551
1322 4002
1156 272
744 3654
1511 6885
1329 3759
1084 315
1775 4283
951 1221
1010 1509
1326 4913
1226 1051
362 441
437 2400
653 3573
616 2208
704 1134
899 5364
1127 360
1034 2408
757 2145
236 1353
970 2376
225 1033
910 5536
725 2736
620 636
739 1960
980 4840
1326 2393
375 69
1449 790
870 1284
509 1802
1426 1204
1480 2281
1728 7730
833 2837
1079 637
1521 6864
887 3492
1102 4825
917 2222
957 5373
862 3152
854 2658
1406 3282
1486 4961
545 1187
1520 3216
661 1933
1614 4183
912 5457
819 2160
1817 9834
1393 7229
1654 6966
1332 3755
466 694
966 4329
503 2496
782 3360
1232 1579
833 292
753 4146
1199 2750
722 2953
1384 3042
1637 4118
1629 8223
1093 6328
1141 6059
459 2682
627 2881
1732 2418
837 3251
1842 1391
776 4640
441 1509
489 1206
773 2251
378 61
1460 7149
422 1233
1860 628
974 1659
1206 5375
1458 7501
1065 1683
1256 1563
446 2412
514 340
1312 7310
1061 5635
1029 5441
752 3127
876 4488
1019 459
524 2743
1067 2888
737 487
590 2023
1306 5781
678 2936
1280 3862
133 76
1432 2490
810 1426
1948 5376
586 344
1046 1851
1071 572
566 1607
653 498
1655 7733
513 2234
824 2011
808 2035
509 1049
775 2142
1044 4913
1195 6911
1314 5469
545 425
868 3404
1560 5253
1294 7439
1037 4291
594 332
991 4697
1799 1877
1143 4501
1554 3090
1799 775
671 889
971 1195
1065 1530
749 2613
742 2595
1232 4141
1623 9313
1649 4919
863 4570
1468 6240
379 668
421 1042
834 3685
421 805
1023 6137
899 3267
787 2867
1235 3734
291 955
1594 3062
1319 1762
1741 9869
1454 5074
184 487
757 4485
1102 6252
1569 4017
1660 9139
1552 8396
1021 4040
1085 3245
512 457
1363 2595
634 2307
789 596
928 1201
623 3223
790 4177
466 2685
843 457
1310 6616
1624 4737
1082 5943
952 2772
699 543
1434 4692
910 926
1681 535
1739 9662
1407 7545
1393 5401
898 4990
719 3240
1440 7440
998 5810
1023 1835
899 2499
1686 5181
233 779
547 360
706 3555
471 2521
1018 903
1910 4980
788 1715
632 1123
441 1971
721 2801
1349 3993
252 736
1066 6178
118 185
461 2088
337 693
867 1351
1295 1709
218 1264
1339 3088
896 2574
421 1506
1385 5406
823 4223
1320 194
708 3199
1069 1487
559 2045
1349 958
18 86
705 3908
618 2811
1721 844
989 1089
1272 2898
1574 2817
1858 6217
428 2378
1862 7196
1328 7472
499 259
520 441
1562 4484
1236 247
1079 2144
1438 8226
1688 5593
762 3512
814 170
1264 2136
1072 1342
604 443
384 263
1256 4417
882 5335
501 1577
690 705
1031 2175
996 1570
623 2465
719 2609
442 2575
173 290
1026 656
1594 9408
1483 7593
680 4140
1315 6186
275 1207
941 4819
654 1384
1060 2802
1237 928
1450 2414
858 778
60 46
1305 1198
693 2689
912 1255
465 1164
1556 3217
1036 3513
1129 2895
1374 8061
1106 4601
670 266
932 2072
1631 3843
1522 7627
1695 6034
655 1804
987 3670
769 376
1567 2305
177 547
664 2053
1135 5732
1356 4678
1293 6542
654 661
870 525
1003 1965
1589 1465
788 2957
986 5815
1177 4144
1127 1547
732 1898
1372 2822
168 255
1167 2373
405 78
1138 3313
1100 1149
443 2080
1098 2158
1053 2261
804 475
601 3387
1268 1516
1544 3860
1328 6321
1609 8280
1362 3312
1116 504
1078 3267
386 1461
1065 1093
1005 5592
922 3622
1422 242
1500 2363
1203 1234
1351 2925
869 2894
1013 4828
1116 4408
404 1037
880 3459
1114 3546
867 3672
1189 6273
1093 5500
1242 2689
994 1203
928 2080
809 4612
432 2294
1194 6049
1069 1303
974 5439
1559 2950
532 2124
1006 4014
565 1296
1254 3533
1150 5366
1059 3792
548 923
1500 4520
1281 3503
858 4576
1539 9108
1539 1710
860 4983
461 257
1077 5424
1187 1987
157 310
982 5651
653 1538
1374 6239
540 1539
1564 1535
893 3748
437 1259
1079 160
840 536
473 1349
1509 1373
1005 5172
873 2465
1563 7073
881 4667
353 674
1070 5618
813 2188
1342 1155
915 2228
1202 5453
866 2468
1184 5033
1133 6254
1006 902
21 16
1320 307
1067 2732
963 2374
698 1130
391 130
128 443
1137 5212
1076 5049
1355 7243
1177 2720
598 2291
1243 904
1424 5701
1093 205
1138 4433
919 4231
211 381
1660 6103
1252 5423
443 2562
279 1587
1371 3893
1426 1182
1057 220
1108 1146
1051 4951
577 2615
1482 5944
994 1259
1030 2169
955 505
833 2131
1161 763
967 4900
989 3795
811 1263
1047 879
1160 624
945 4132
1172 167
115 707
1125 6517
1558 5567
871 4768
361 2053
636 1440
794 4185
1053 3605
586 458
1023 3456
910 4861
564 2910
1787 6954
1719 9087
434 1190
1307 1265
1744 4918
893 3189
1054 3138
673 2372
444 674
1118 804
1333 5573
262 885
786 4155
786 1601
888 1374
1488 1972
352 1259
1274 2943
1155 2609
1624 9512
1355 1436
717 3758
1072 2040
1392 6433
1090 2499
1020 116
1323 4576
1495 8401
1061 4628
988 4572
1350 262
1572 2517
873 142
1346 4631
956 1725
1575 4733
981 3961
667 3535
65 378
998 2686
82 339
1161 3456
776 760
1449 4028
556 1897
940 4285
357 896
952 5153
950 3222
1285 2956
237 472
1198 253
1206 6022
1145 6080
1014 809
1673 4784
405 98
1460 1968
1286 315
970 4712
424 842
564 3434
1267 6310
779 1068
1266 5535
1325 2050
667 234
1117 4771
1071 4719
755 3231
1167 3584
648 1279
1541 2663
243 274
1496 2579
1441 5198
812 4139
1268 252
802 3669
686 1542
1246 1561
1687 9127
467 679
1708 2380
1285 4543
1355 3203
1021 3026
890 3054
1056 2595
1892 8683
1356 6782
564 2563
921 1338
720 1988
1067 6149
557 2308
762 728
370 1734
878 3587
649 1853
861 3038
427 1311
1323 872
885 2260
1402 932
1637 9439
950 1357
1702 1870
396 1343
214 108
1090 1076
464 2516
1577 7077
243 1402
895 1699
769 4195
1636 7290
1562 915
634 1297
736 402
1659 3253
1209 3250
1306 2757
1159 3168
1591 7039
538 1540
660 3237
1067 3551
1068 4763
835 2785
138 265
1282 1554
855 3162
915 1191
1268 3628
656 2119
502 1162
1097 5149
1718 8925
878 3192
925 2107
954 597
498 2719
1171 2682
1446 7882
1215 5615
345 1884
1252 1813
1513 4106
1047 5201
1156 390
379 1160
1195 7001
624 354
359 902
1843 8929
758 340
1084 334
931 1020
1240 4904
1303 5919
449 2715
222 1336
801 596
299 1799
410 77
1231 3024
1404 2771
1480 7091
1315 1030
1059 482
649 2355
994 3985
843 3090
732 2300
780 1622
1105 6612
608 1877
1108 4442
1064 1580
698 1893
1248 2439
716 792
211 376
1518 7730
1104 443
472 2474
1093 3626
920 5352
1313 4148
356 1312
694 1234
560 2327
926 820
901 5477
211 799
1137 546
446 1178
880 547
1441 5234
1267 5256
1314 7227
950 268
94 108
1258 5276
1307 5544
1131 6894
880 239
759 1094
25 68
457 296
182 774
1082 2007
182 497
1013 2564
676 3893
1446 1635
1452 3680
650 2638
1613 6524
965 1117
1585 6378
686 1302
1126 1589
421 1986
859 3728
1005 354
1124 268
1141 5614
233 830
940 1126
964 4238
1210 6263
1318 2162
1222 581
758 897
1120 1110
1691 2649
1447 1493
1301 664
622 2542
224 1182
1305 6233
1408 4059
804 3068
484 2831
1245 206
1646 10027
1048 2274
987 1633
1330 6267
656 3475
482 1389
1814 4614
424 1828
908 4722
988 3526
838 1503
993 5495
1288 2948
1400 7327
108 228
1008 3531
502 884
1025 893
1028 5386
955 5654
1183 5667
402 898
1347 5337
1073 2219
1200 7018
1084 3266
1399 5937
1222 1102
556 565
591 1903
980 1470
1134 633
1062 3524
1101 5123
1429 6753
871 3893
478 713
595 3470
1779 1723
1282 2823
1890 8127
1080 5672
1314 527
237 993
1634 5554
1198 2215
770 2807
854 4078
1584 2435
799 510
908 4762
1335 469
1451 6022
908 1883
1335 688
1336 6776
1789 7220
1215 4293
352 352
907 2276
965 5011
561 2766
1445 5053
1335 410
291 1336
1180 4612
1614 5679
1113 4197
710 1655
626 2531
1325 2884
910 3264
257 807
1096 6074
777 2282
1499 7722
115 254
275 1199
1014 1993
848 5171
913 4918
1095 3093
1150 6217
730 2819
1559 5631
170 646
810 924
944 4223
907 1679
1282 6031
919 4474
768 2847
542 1833
928 5387
1393 8191
1063 5093
1066 163
895 3045
1122 2759
783 2094
1018 6016
1347 5048
545 517
310 1370
1356 2843
292 396
663 672
635 3221
1114 6211
1561 6576
546 1746
937 3550
1156 2071
643 2133
1577 1179
1818 9667
1240 4603
1571 7613
1066 4594
1023 6026
1327 3097
1272 1869
258 1525
677 3776
627 596
1134 4951
1687 1347
809 4230
740 2305
892 3280
1783 7100
1277 6498
1154 6504
1163 4910
698 342
983 1219
1708 3415
962 2376
1515 3956
787 4112
1124 3585
1331 2630
978 4398
604 2672
1319 8039
765 398
259 135
341 1532
898 1309
1041 2245
691 2296
599 2430
1007 1912
1019 1278
677 1064
937 949
626 3089
754 1018
974 2010
148 666
985 2611
661 3273
726 1841
1127 5812
1204 6177
1200 6846
407 198
692 2986
1158 5853
768 3770
1271 7721
1466 4883
255 1017
748 3370
677 3999
1519 4713
452 186
1116 819
470 2840
1817 7900
1247 3269
387 1554
1075 4205
949 2228
1018 4265
1422 6313
303 873
621 2876
1362 6518
1883 3492
1365 5265
1009 2677
1164 1575
50 242
941 3847
1107 2386
267 1562
1093 4698
1626 2287
1278 7316
526 366
348 1183
1732 7546
768 670
1311 184
938 836
332 837
1072 4344
1565 4854
1229 5774
908 1760
1614 3880
948 5451
952 2480
1323 397
620 1837
1517 3063
1099 1008
639 3409
1015 1256
1130 6566
1129 383
730 1275
587 164
1643 6396
1317 2429
358 2008
1671 3313
633 3509
1176 3017
1472 4622
329 1459
1009 3107
1424 5415
1128 5948
1709 1171
499 2923
854 389
1114 2646
850 4303
892 452
561 3164
1432 3003
1579 3949
481 569
1508 8334
854 2337
1808 729
1241 2250
375 1332
872 3614
958 1131
1178 5623
101 60
1369 7248
1158 2693
555 2156
825 3916
657 2180
1658 7059
1180 363
1792 1485
687 1066
1224 856
810 2337
970 5451
1434 3709
1175 2935
1166 904
306 479
727 2551
140 266
1257 5172
637 2331
1369 7087
1518 8237
1375 7254
450 2570
253 722
1076 3525
1377 5200
137 825
1336 4138
696 2290
1396 1416
1429 701
1076 2072
1668 7497
1143 4189
1545 5672
1261 7644
995 1474
1062 4438
1034 570
1125 2094
1524 3539
853 5075
889 2187
1362 2100
1703 1822
628 3509
190 210
1411 3511
1781 5382
630 3580
1034 2354
910 3067
1379 1119
1161 4664
530 397
526 2244
576 2069
1868 1799
1931 7154
1238 5742
613 1361
657 201
1634 5399
1173 708
921 1386
1293 480
1610 7621
406 1820
1339 414
1116 6250
240 1209
899 4009
1418 3346
847 4150
1274 1945
698 81
1383 6618
1182 1306
1033 2638
1524 225
1141 1071
953 732
1457 2634
633 254
702 1897
987 4340
1137 5952
637 3068
636 2793
1453 7746
487 2896
212 148
1183 6178
547 230
977 2026
1386 8030
813 2602
1357 3221
1236 4731
701 1493
446 1805
783 755
755 4400
480 280
311 1177
573 3241
872 3012
740 3859
1102 2250
550 3021
915 150
1216 789
1144 3594
862 2077
1007 2014
1093 5650
757 3844
996 1749
1036 3956
743 3058
640 955
558 401
1143 4796
822 1683
1597 420
1003 5709
1579 4632
1094 3165
606 747
1550 1076
1561 8256
753 321
1044 1617
1316 4363
281 287
1308 5580
652 194
606 2883
1393 3598
1166 6624
792 820
899 4227
1145 927
933 1018
1959 2663
1203 369
1480 1495
721 332
849 1908
634 3014
91 175
908 5538
665 3879
914 3527
954 3529
239 747
1150 6326
1214 6333
1426 748
818 4575
613 1963
694 233
937 2391
1371 4161
1122 6408
769 136
1215 494
1151 4583
1856 2968
1259 3053
1691 3821
1136 3259
884 282
1251 2253
738 1677
1399 646
761 1483
305 1563
1635 4312
1613 4289
134 253
1012 5377
793 3917
738 4022
733 3171
408 850
1368 5121
1775 366
324 1269
1034 2506
968 2641
1231 2682
1643 6872
1129 4041
850 4211
1371 6885
671 3532
1655 5805
1726 5377
1123 4112
408 1818
1022 4893
1187 5307
878 4168
870 1602
244 581
632 2275
962 1559
744 610
478 2131
1618 1191
133 68
1544 7964
1059 534
508 1237
838 788
543 3022
1013 5851
790 4057
1356 5713
1429 997
1387 3499
377 1095
980 5716
1195 6428
1276 6231
1273 7162
717 1032
1312 7743
1177 5750
1242 7411
1340 845
923 3038
1392 4971
1090 1300
676 183
515 1604
932 1974
710 4100
161 807
1414 5862
702 1163
718 483
1542 6111
193 928
1652 7861
1779 5006
1188 1033
686 1630
1197 3705
663 1616
877 4459
568 1837
1609 5607
902 3848
1079 1057
749 3977
1300 2058
1385 753
1105 4187
236 76
1577 3751
741 553
536 2799
1051 5793
394 1889
436 621
942 494
372 164
857 1647
502 2080
1115 6275
1645 9887
1204 229
1155 4528
1034 3822
1839 10094
1300 3220
1412 8377
1327 496
843 2791
1704 2202
1146 6676
779 2354
1194 2518
598 371
1177 2089
1364 1667
1031 836
1451 4299
1788 5432
1018 3095
961 2427
820 988
908 2404
787 2256
1408 8299
522 2406
1058 2263
1012 3168
266 534
986 4574
1432 3575
1416 4699
1084 4231
513 517
703 1996
821 4556
1482 5706
1755 4416
958 931
1097 4112
668 3124
820 1354
513 231
849 5030
937 2380
1148 6655
1129 1868
1426 1978
1260 5826
980 3778
527 1128
416 2334
1294 4602
744 3459
320 1594
860 4016
1239 3776
1524 6923
1075 3584
1158 5413
1146 505
482 2730
1496 3685
721 3097
1126 2821
979 470
1214 5481
838 3004
1287 5233
1449 4363
1108 5067
259 1558
1375 1518
1747 777
1071 3478
574 1286
304 1655
716 2934
708 2350
610 660
760 1425
675 2967
1126 3449
873 2341
1541 8926
1383 7628
831 2770
1342 4735
1444 459
1442 3985
940 2954
435 2307
1216 4342
404 1492
449 2237
915 4694
274 1405
814 4214
1195 1844
1520 6959
834 4792
873 210
908 634
1221 1560
542 1809
269 593
1983 4569
1596 5510
736 396
886 989
1517 5839
692 4165
1316 5684
468 1408
1096 4572
498 2060
1165 5213
1429 6557
380 1008
923 2912
615 2849
1168 4799
813 4380
947 3864
1148 6822
966 940
220 440
810 1276
1292 7318
1220 4321
963 5214
820 3045
933 3484
530 1568
1347 2241
674 1126
1088 2228
1616 3298
1630 1962
889 2609
364 2183
1840 7061
547 473
1071 5604
404 1390
1351 882
951 1936
994 1319
652 3128
1421 3932
1359 593
138 376
722 3191
1340 5758
1156 3421
837 182
1502 5262
939 3470
987 5456
1304 524
621 2557
1100 565
1166 3775
1092 4494
1574 4299
896 3187
532 1082
875 1071
522 2522
244 1333
1167 1420
1280 2440
1883 9190
1347 5971
337 599
1569 2291
1340 5602
1886 4128
1140 6127
1695 1880
1096 4574
451 309
649 284
1124 6014
1147 1161
1108 367
1043 860
903 2269
754 3521
751 4499
672 3527
651 352
1114 471
684 460
1443 3052
765 1551
1254 2598
828 3467
857 2833
651 3045
1479 6526
1173 6165
410 2149
1482 683
708 3043
606 2915
936 5557
1438 1177
1625 3612
1024 1286
1379 1130
1316 8024
968 1450
1607 2044
574 2352
1825 10914
830 4577
757 2191
376 740
365 407
1374 7343
1567 1816
1024 2450
435 1414
1715 6907
1070 2861
580 2030
1644 2728
1410 7451
1112 5785
1580 3265
796 127
1610 7204
1544 7868
1124 4816
889 2186
1073 3394
1000 2748
1571 2879
1514 7823
251 634
1421 6996
509 165
399 1974
1461 4750
1397 6490
816 2995
897 2760
435 1938
1382 2251
258 1479
1519 3953
583 2614
653 1878
851 2632
758 1636
879 2376
1448 7818
1419 3558
662 2858
1249 4971
724 438
1454 2019
1463 5575
508 2631
1006 1953
949 1482
963 410
1266 7288
769 1079
710 1880
1309 3247
973 959
1249 2511
1164 6525
1443 5038
1489 326
573 2787
800 2771
310 169
1508 8844
501 1359
863 3056
324 171
1799 6818
1000 107
462 181
733 1065
513 2527
469 152
780 738
129 475
1276 5030
413 2305
1299 7067
972 4630
1418 1308
943 3462
337 828
1133 2726
499 1911
1910 4271
1050 1860
632 592
1230 5168
1024 483
974 4823
826 3305
535 147
1536 6293
161 912
1105 5445
900 2649
1188 1059
692 2124
874 1196
1752 951
315 1791
1329 3610
1177 4339
1052 5828
829 2138
1366 1491
934 3273
1056 5981
1812 242
1345 5055
1002 3238
1765 5349
1058 3742
1004 514
652 3935
363 493
933 673
803 3705
1165 2116
749 2750
1139 3593
954 2125
761 117
1222 3098
439 1829
1318 2746
798 2828
1158 763
805 4388
250 887
1481 976
1426 5322
1014 1042
874 1309
805 4015
71 105
669 1564
795 402
1199 6148
1652 9623
791 1313
610 1103
1231 4874
1551 8136
1590 9525
992 860
1321 6635
214 684
1231 4868
1368 5901
685 2577
958 3312
1735 9956
1484 8087
894 516
842 2024
359 167
413 1455
565 162
696 2803
477 639
677 3458
881 4320
288 424
1723 9406
824 1134
929 3779
1190 5253
1523 3271
1365 2001
775 4325
1931 11365
1262 4788
1341 5995
1512 1146
612 1035
1067 1709
904 428
377 2283
1525 264
1216 808
552 1705
1078 816
1217 4457
886 4359
1636 2974
517 1581
1072 2207
787 336
635 2374
1658 4991
1073 697
1229 7509
1570 4094
1711 5027
742 1140
1421 8108
1811 9109
507 1253
1048 2112
254 319
1138 4275
325 681
1280 6650
887 4015
814 2806
850 1712
906 1061
1098 5874
583 2314
1067 6139
1046 4055
434 2085
1451 3063
789 2454
878 497
1225 5992
706 1235
1547 3654
1729 9731
871 5293
1029 3938
964 3439
1369 2757
574 1914
492 1593
1732 9298
245 130
923 2388
1050 5610
625 2586
1565 5697
900 4820
1215 2124
1209 6086
469 658
1356 4304
914 291
1751 938
1010 4038
980 5983
957 3421
1732 4501
698 3471
1182 6533
938 2574
258 805
828 4026
689 2803
1276 2786
843 4205
139 390
865 2039
750 1636
125 365
636 3514
957 4816
1416 8464
528 2769
879 3576
441 1132
1263 1984
649 655
654 3598
541 2523
614 1478
1319 5425
643 1016
1166 4169
219 339
1155 5549
876 821
1257 763
1706 4788
581 3049
1783 1425
568 3445
531 920
1661 2956
1401 6619
761 1142
1169 5403
1167 3602
505 2912
1089 5115
534 3018
1250 6321
1584 1061
1150 2350
370 1211
1119 2818
599 2779
859 1177
849 1269
1244 2616
181 666
1055 5134
1513 4181
1055 1668
1493 917
865 2060
794 4526
1210 6081
1224 4130
1089 3823
65 47
493 1941
981 3295
572 952
827 4362
1190 6036
1591 660
1411 1928
1591 3166
1677 1330
936 2955
535 2360
724 3109
279 777
153 20
1123 420
925 1614
1313 2682
1182 2621
1485 7888
629 1013
1714 5468
468 2719
822 1504
1182 4033
416 432
414 2131
667 3397
583 3328
1216 2638
708 4056
1213 5867
1762 5934
1730 4072
826 4676
732 613
375 517
1238 5254
1384 4512
767 3283
986 3013
1214 3575
1268 4055
1713 9735
665 511
863 2001
561 663
150 895
566 3179
1510 1684
352 1988
213 41
672 910
808 2094
885 1328
1350 2753
133 106
848 4087
426 2112
1637 9353
1057 1467
1304 6824
1146 1146
1753 3140
522 2836
838 4618
1603 305
954 4746
989 4656
1750 5376
1084 4801
1310 3280
726 3966
694 1668
478 1635
1305 342
1681 8188
1162 6307
458 1004
740 511
498 2566
1163 2517
430 1523
241 1301
781 2487
1419 477
1934 971
442 927
950 5047
1052 6376
1212 2010
767 1977
1112 856
231 557
921 3985
1007 1564
1534 8360
1456 4457
187 1069
1086 144
868 2621
73 237
353 619
657 2818
1257 2251
427 1262
1115 984
1457 784
1108 2515
976 1093
879 4524
558 1020
412 2070
733 179
65 328
617 1710
317 225
567 1819
1780 2195
694 3655
1167 1531
1011 1696
851 2296
320 1667
362 668
1450 463
938 1096
1746 5857
1374 7699
1025 2237
701 824
539 949
1114 4683
1287 7776
680 2289
901 1112
1167 3192
935 1218
1441 1431
254 421
878 2925
1423 7189
1025 1567
950 1919
463 1849
1128 2816
651 2768
380 1486
781 3397
1616 1547
988 1099
949 3746
991 2672
1067 1640
251 396
277 1461
1093 165
1759 7682
263 1054
1185 3888
753 3584
1715 2255
1153 2481
1510 1953
834 4853
425 1951
1093 2640
973 4608
1204 2401
624 3284
635 2279
892 3689
964 1529
1163 6520
1326 2880
607 2141
435 1675
501 317
1579 919
1470 4853
1080 5741
880 3306
354 1263
113 440
846 1006
606 2751
205 1114
1509 6409
598 443
1511 2498
1724 8372
1233 4707
1390 3670
1606 5813
1618 5540
706 4302
1331 1939
635 3299
1616 8029
1502 953
1179 6485
383 2306
1009 3280
1711 8879
1440 3419
1709 3906
554 3073
563 3345
956 1403
1375 4370
1126 6311
395 1747
1190 5559
1220 3444
1142 3140
687 1571
1008 2458
1428 7070
1293 3528
1070 5918
982 4146
1270 2188
1772 4650
857 3275
186 1045
511 1434
1178 1069
215 972
816 3225
1165 3149
150 719
1180 3344
328 1973
699 362
1182 5764
1173 1306
1264 1148
1220 4256
857 4274
640 3671
1802 6136
514 537
688 1422
1835 1082
1062 1041
1416 3480
1100 5777
668 2833
94 221
908 360
900 1479
979 4950
898 3486
659 559
1462 8621
778 4395
1193 1168
840 3870
1814 882
1232 6940
375 1551
1504 5543
1565 6617
1332 6410
1066 6288
765 4574
631 1991
879 2034
1100 1927
1225 388
663 2713
1415 3235
1138 1092
1220 3071
602 326
535 1046
972 5308
1015 2642
374 432
1091 2748
309 1881
629 2430
387 322
1060 5817
1322 3658
941 5646
1105 4074
939 3095
1097 5093
1281 1055
1172 2306
445 1959
1411 1232
567 2561
621 2691
813 485
736 2729
459 679
1406 5536
513 2737
444 2670
1207 7052
1394 3692
645 1045
972 3108
303 654
1094 989
1421 6639
696 311
595 2299
1757 6796
278 651
1556 5833
1207 2251
552 2847
1011 3471
1876 6216
1128 6132
963 4752
599 572
903 3477
514 2248
1281 7336
24 146
377 1710
821 829
1067 6278
245 649
1041 4092
700 243
937 716
522 1701
691 2574
414 1755
205 184
1588 656
367 1227
819 140
1743 3509
1323 1053
1609 7746
808 1958
1353 1582
794 1774
1733 3279
871 2526
1289 2943
1103 4837
974 1002
984 1301
974 938
960 163
1296 7603
1132 1570
1273 3958
685 2613
1858 3654
557 1224
810 2663
357 454
1015 3901
1891 7565
1503 4452
309 1453
725 4070
885 3817
607 321
1191 1178
1212 4316
1072 1439
1330 3468
583 2592
650 1018
1849 1933
544 2594
707 3056
1211 6600
958 5075
1789 4351
766 3050
164 468
1348 7650
383 282
940 5484
885 5279
125 687
210 525
621 3373
563 1176
1229 5920
1093 4932
618 776
1396 7851
358 1825
1322 6987
1718 1986
1050 4123
1263 2727
1711 1272
588 2169
1490 3333
843 4194
932 1255
1070 5010
880 2276
1319 5221
943 4791
900 2361
791 1827
370 98
1545 627
1003 3329
645 3488
861 1394
1466 4759
1315 287
1395 3735
67 28
549 2254
1244 820
300 964
1226 6108
349 1563
437 575
580 3243
930 1443
1296 6097
1207 6023
1259 7601
730 3613
511 862
529 1815
409 357
680 920
1126 3547
1586 3242
388 517
1257 5622
949 2767
449 1772
1505 3042
1454 4595
1081 2307
1757 363
460 2614
891 2999
1052 3202
819 3268
1838 9530
1462 6465
1077 2761
1465 1641
616 3421
770 283
910 2404
1562 7304
469 807
784 4603
1148 4042
616 1672
1753 1889
650 653
649 571
1040 5836
305 175
918 767
928 820
921 2528
554 2376
533 1139
1706 7845
1045 2136
1040 2909
1062 2522
874 1843
822 152
1023 3059
983 1123
1772 1639
546 414
270 1595
1099 2931
1021 4142
1545 1132
990 469
1262 1287
619 3493
1068 3109
1178 1529
1361 5176
915 3806
1606 5471
1844 6851
944 5597
746 2907
926 5375
1454 6038
522 2548
1090 494
1570 358
1132 842
959 1481
611 104
1180 2701
665 3310
1251 3741
512 2040
282 920
624 1856
1131 3601
988 764
1067 6398
531 1309
584 2966
846 1477
1269 457
844 1043
1215 2430
1299 7098
1488 3850
1131 5757
379 1199
1896 7515
1028 5375
1755 8383
96 129
1401 5783
1531 7506
1073 948
1063 3876
448 2374
951 5006
1353 5303
447 2685
664 322
399 1647
892 5430
737 3844
1799 8475
496 2579
1683 2747
1898 1271
1145 4134
702 3427
1319 2917
1654 2668
296 1124
774 2432
882 5217
980 522
1234 1709
486 2534
788 648
1128 5128
384 1977
1549 8150
340 1442
697 2172
971 1798
1233 3944
1001 1827
704 3887
1079 5327
1211 6706
293 1192
681 648
977 4084
427 1091
1417 5592
309 1535
1046 1866
1004 4433
964 968
660 2230
622 1703
1035 5009
1504 7212
1657 413
1140 3098
541 2164
945 3145
1570 5291
1345 5310
821 1395
1100 3171
970 3371
864 1023
1491 1875
1314 7779
1238 4666
658 193
1255 7495
680 2228
813 546
647 1041
1378 4999
1095 4408
1030 2384
611 2374
388 2049
693 4107
1111 683
1343 6847
1704 5688
899 3522
596 2113
830 1207
528 1827
517 1271
765 4483
312 875
959 3577
1471 4374
1033 488
1105 3637
1532 1201
695 2670
1435 362
1110 3632
684 198
1374 5079
1168 1801
1452 5554
721 2828
985 296
611 854
1580 9049
881 4790
967 3790
1232 4787
1430 7157
556 1842
1099 3070
1279 829
1410 6915
1142 6228
1779 5218
776 3673
1201 5243
708 1582
523 1744
529 166
1082 2898
1020 187
910 1513
1375 3711
157 402
1260 1261
849 1599
1666 7033
1403 5545
477 1877
992 4625
1799 10903
476 580
1243 5375
1942 10258
1130 4185
923 2758
609 2459
1518 5867
1358 8090
583 3276
1787 10398
1711 5469
934 2090
1668 7103
1399 6878
1756 4906
988 1721
691 4148
1321 5762
673 1919
1344 1725
615 2864
887 4769
776 4631
932 1151
778 364
1553 6831
1421 451
835 4127
1337 781
1506 511
1834 4328
784 1739
806 4422
1667 9638
938 1750
1725 1325
1481 2413
1240 7405
1160 5424
547 1727
686 2641
575 1792
655 2552
570 2040
1683 1777
1397 4547
174 883
826 2128
642 881
419 1064
842 4540
1544 1674
925 1524
677 1385
1060 5205
1029 3565
599 2334
154 545
546 3288
1213 6819
540 1978
548 2485
1217 4065
802 2015
1500 4623
1027 2589
1624 9643
1212 4307
554 1829
910 4713
1405 1963
610 908
1413 776
706 1133
723 1691
976 3927
1541 6179
592 453
374 1434
1031 3706
1458 6902
682 3772
535 1594
1446 7620
1006 4326
844 446
624 912
561 2094
1033 2840
475 2486
995 3847
686 3373
1431 8484
1161 4599
1503 4658
1839 863
997 4522
686 3157
1421 979
1201 1150
1089 5863
1535 1536
598 3175
731 1359
1479 1067
879 3075
1268 5022
202 1081
1344 8139
1016 2406
1175 6922
1441 5060
700 1539
542 2563
1212 4128
1055 1460
1156 5774
579 1855
1557 4037
921 2751
135 216
951 5155
1516 8373
522 2300
336 677
1204 4779
532 252
336 140
476 1166
1970 7904
1291 627
401 836
1445 460
857 2695
1413 3886
481 533
1310 6747
201 55
1254 537
883 4043
875 323
1139 3174
1011 2494
1177 6877
526 1396
982 1736
1264 241
656 1513
1272 1465
733 3755
1621 6083
937 715
526 2481
1564 1718
1001 5741
788 1628
1053 2376
987 736
710 2959
1259 5668
1376 3091
832 1086
803 492
546 870
1402 1559
1269 2156
1012 545
785 1232
371 161
1026 6147
475 1078
396 1012
249 1170
1019 5116
983 1161
960 5832
1136 6408
1508 2894
1376 8176
1657 1244
1262 1384
1618 9249
1498 4224
1542 2588
927 5587
575 3173
1401 2804
1554 666
403 1150
1271 4449
1205 4139
1536 3053
658 4001
599 437
979 5593
466 565
926 3513
953 4765
1359 5097
546 2152
1322 4395
899 961
801 3398
667 3364
1380 3787
102 394
1020 160
1569 9293
1254 2404
955 991
616 1588
304 1799
1148 2006
227 878
416 2199
1033 5714
1425 3181
1221 3083
579 800
984 1154
1423 440
273 1042
415 1182
1031 600
1047 5110
1560 3046
584 2104
1045 2750
292 722
1210 2289
909 1803
523 2200
1011 3081
561 1211
1603 9367
810 4565
653 2874
1155 2490
429 2161
478 2569
1370 3759
1426 1955
978 3613
1112 239
407 395
320 1087
353 2017
840 1140
1244 3550
1803 10380
427 1004
968 1296
1418 1892
1381 3763
1106 671
1691 3938
852 3364
637 1531
767 1057
1468 1821
1601 4387
369 995
1284 836
1307 6408
650 201
367 904
1874 11427
1195 787
1129 594
764 2118
1119 6428
810 2942
1180 3966
187 258
380 1560
1294 4541
178 1063
909 2975
1149 1075
1387 3160
494 781
466 1631
733 3479
936 3190
1332 4124
329 246
1589 2079
925 1144
1135 6379
1330 1668
1127 3809
632 1714
1701 2115
694 2095
1159 3879
1354 1264
1606 9611
662 2299
514 2538
1485 5813
1198 1791
990 3346
1391 1155
986 2588
1370 1237
173 612
775 3243
754 889
1772 2814
118 232
208 1081
1132 2904
1729 3280
1427 5282
1120 2212
902 2554
751 1385
439 52
902 841
1168 6984
785 2614
839 1399
1052 4837
876 3812
1272 2202
897 2120
674 557
190 118
771 3605
1510 730
936 4738
503 2298
1532 1741
1282 5820
1066 3726
1032 2682
728 2206
737 1371
980 3385
366 665
664 3763
113 146
533 2941
989 4113
1009 2983
755 972
870 5138
711 1577
982 1224
964 4498
748 4125
1592 9379
964 3279
1058 4848
1277 5623
783 2881
792 300
676 239
1115 6267
290 1540
710 3307
1151 6534
603 1548
666 2299
1602 5066
541 590
1009 742
542 1144
239 905
1481 7083
783 1505
582 2054
852 2574
974 4371
714 3252
853 3329
1352 7424
602 1325
1105 1254
402 2259
884 2415
1278 1234
1864 2314
689 945
1382 3072
1470 3875
1798 7766
664 3497
1171 552
456 2191
986 701
662 281
538 349
1609 7615
549 2396
386 114
1068 5543
1289 841
1222 2148
1103 6283
1173 1036
1298 4562
1648 8958
984 5816
1518 6330
595 2123
1534 1823
945 3540
1245 6052
1015 3482
1002 3297
434 2620
1620 7273
1465 4812
1369 6537
1112 1341
1176 2627
1204 6566
209 243
1182 3994
1578 6645
634 2321
906 4608
370 1839
539 1627
1189 655
1101 2730
845 1729
1777 6546
447 1964
510 3076
1075 2224
948 5339
1350 3738
1228 729
1462 6788
632 2383
1060 2816
1288 2990
534 873
916 5119
1436 1921
860 1609
1022 1607
1448 2998
1320 958
834 1441
1617 3703
1267 7231
1311 6155
817 1675
1361 4981
1030 4329
946 1079
1065 971
1286 6624
728 3014
830 119
448 1479
1839 7121
694 486
972 1817
1392 6327
1584 3468
905 2844
488 1783
881 1472
1582 4921
487 817
994 4119
824 2128
604 2757
434 349
1209 4766
1490 7679
522 1329
1101 5443
529 1444
1581 699
977 504
1265 5945
539 1828
640 2561
908 2334
468 2615
1031 4739
1393 8424
932 3312
525 3075
674 2181
657 2203
732 1740
939 388
1627 1260
615 1296
1047 1913
1167 5799
1037 6041
161 413
767 2277
1241 6434
1056 3903
634 2661
178 486
142 442
782 614
1931 2894
1691 3449
984 5966
380 1055
1299 7885
1182 2782
860 5148
606 3299
1479 1573
987 4840
839 4475
388 121
732 839
1524 5357
818 3412
1514 1528
835 4098
1710 9202
1523 672
550 101
1153 2558
26 139
23 58
858 820
771 239
672 1248
1458 4698
969 1808
107 276
939 745
1165 3274
1173 6518
1178 3058
1366 6253
1521 2456
1028 4892
894 4533
1546 697
1092 1560
899 4215
1647 7207
979 2295
660 1894
794 1629
996 2644
897 3915
961 5569
236 455
976 4157
888 2819
1108 3261
1361 6241
903 3652
293 85
984 789
872 4685
1360 5334
782 1802
1729 1071
1313 315
1851 11081
1222 5667
1226 6857
598 1576
1629 7050
582 558
1436 2027
1153 2927
1253 1393
117 212
1779 10241
1356 8071
1393 4135
602 1876
1623 4772
1283 5346
555 711
910 1706
1316 6715
909 1456
1120 3770
785 4520
655 3173
781 3393
247 1386
295 897
1681 9893
1188 703
1133 4636
787 3435
440 1581
974 4907
820 1964
1432 6526
740 4182
807 534
1407 7604
1420 4758
1462 6605
1854 2157
746 2572
716 1629
933 1398
1499 6510
365 1016
1225 6432
1143 4480
1714 8303
979 4117
778 3285
246 1230
1364 1924
621 292
504 529
1653 8980
1841 9385
783 3443
899 3098
1311 6706
1167 134
484 2537
1418 7562
958 4508
1160 6257
1154 4071
1459 2043
1044 1539
728 3597
1502 8171
669 1982
1173 1235
1625 6624
320 362
1469 6216
1043 6064
1476 8810
1284 1421
903 1401
424 2173
1171 2232
963 437
966 4818
1301 6569
1506 4705
949 2464
1168 4698
443 245
836 1517
759 4076
1264 945
1338 3205
852 1842
478 828
942 4054
1191 5029
1031 3774
1072 159
807 4594
908 384
528 1509
904 2958
459 2577
518 484
1485 3264
907 4767
1173 6096
278 549
707 1867
1031 5870
1344 7129
1210 1521
770 2089
1092 2496
150 362
1279 203
593 654
1735 6926
824 3946
1048 5618
1029 672
1225 4493
1347 5180
1276 4542
794 835
1542 2610
1147 2395
605 3035
827 2142
560 1674
1134 1784
763 4341
1308 642
184 797
775 2996
389 789
1323 6339
904 2117
908 1075
845 5130
1156 639
1163 2251
494 468
609 2737
1691 1824
1633 6786
863 4927
149 73
1239 2901
663 3504
1309 4673
1557 4600
1098 2259
1258 5713
814 922
556 891
1080 4976
1170 5033
928 4220
682 3484
988 3249
1179 803
953 1614
208 589
878 3637
1599 2237
879 5264
937 1056
965 5805
1713 6162
1417 6955
185 290
1263 3587
1077 3452
974 1921
804 3058
1070 4260
1274 449
907 1076
611 846
1247 3875
1802 2365
1686 3152
1394 4809
1314 3565
388 1790
1268 5598
675 2926
220 805
432 2350
693 889
1244 5178
733 4191
430 1824
1649 1039
1063 4497
504 993
1325 7288
1146 6548
483 2641
723 944
1439 8342
807 4243
1154 5251
1087 5448
852 2041
1617 6409
1044 4688
323 930
1452 4969
1261 291
409 2501
1430 1580
1410 2065
1564 7703
501 142
1372 8321
1034 2172
680 3124
301 428
563 129
1407 4372
1670 8640
1393 1781
1045 3669
1873 3992
193 955
429 2189
641 1770
966 1235
589 2512
1157 3533
1458 8881
114 394
1451 475
746 2518
1604 8096
564 1078
1078 723
714 3973
1525 4282
1017 4850
1516 4216
586 1082
969 2466
1084 3534
1439 3043
650 2712
1014 814
557 1339
1240 5983
164 137
1500 8789
1326 2733
1478 6893
750 4048
988 5054
595 3629
829 2524
1050 5339
735 1931
1336 4769
1396 2650
1206 6459
1681 7235
406 1075
1519 8695
1542 6283
468 2085
1628 9330
338 586
970 4923
780 4384
907 4708
910 1981
420 206
400 259
923 1031
522 464
1143 1890
1397 7071
763 3849
1637 5840
1326 4478
435 1599
1055 3883
1206 4737
1523 4313
1401 7512
401 1557
1322 4986
1203 4638
1015 3551
970 1527
1089 6481
626 1749
1112 5124
1481 2200
401 317
324 796
1725 3929
741 3698
765 996
1187 3652
972 527
533 810
1390 7590
818 3951
632 3474
1011 4163
792 4694
1048 1409
794 2137
1269 7289
991 4385
133 534
712 1309
436 1194
1531 1026
833 3789
1638 8727
1575 4459
1780 3446
974 2669
1076 3538
1342 3283
1430 1954
1237 7127
861 4586
1220 2968
815 1697
1329 7787
1550 5121
869 1951
1339 5069
931 3527
411 1563
1321 6978
1231 4319
1263 3036
1205 4196
339 1955
662 387
705 3914
1032 757
820 2151
1478 2386
1026 5540
1447 4552
999 3696
1637 9311
923 4994
1625 6862
1608 452
1182 3116
605 262
834 4049
1183 1750
937 4532
1661 7419
1305 249
463 1737
174 515
507 3009
870 4513
365 1645
1186 6684
892 3276
1231 7395
1269 6426
877 2318
378 868
1055 1321
1028 2912
1267 2076
1283 5763
1012 2512
836 4121
661 1308
1889 2765
1047 6078
1665 7957
727 2042
1522 4735
1255 6370
1105 2019
1457 7196
1120 321
1332 843
1410 6278
1302 7484
1043 2854
1363 8210
1060 1642
851 3682
405 2413
572 1319
1134 4686
1209 634
981 5382
1556 3198
298 1384
1013 1952
1006 1499
148 844
580 926
1322 4880
1429 7641
1528 840
795 103
1074 1243
838 2064
1280 6655
1572 6360
731 1028
151 215
1113 3621
1426 6970
633 3529
845 2733
881 4064
518 949
1072 5572
449 2527
1312 4030
728 1415
799 876
1082 1899
449 2679
1364 5924
1237 3194
1734 7407
655 764
495 813
1409 502
1138 3819
588 1951
892 4584
1773 9206
1635 8022
1647 8396
702 3368
1157 5596
901 3510
581 2709
1226 938
843 4142
868 3188
901 4040
991 2526
1340 197
745 1551
967 4574
307 1126
1172 5203
892 2579
1575 5151
1863 4459
367 184
319 703
1284 5478
906 2613
978 5824
1315 284
754 720
1511 8383
1069 4234
739 4133
1761 660
1432 1988
1092 1226
226 1265
1013 4908
255 868
836 4835
1450 7376
1386 1160
1209 214
1020 5498
967 1012
885 724
961 5809
973 1304
1509 930
843 2590
1545 4544
1234 1047
481 2124
1401 842
608 1427
1309 4866
794 2018
607 2473
835 1988
767 630
910 2799
1029 5945
1064 1802
1048 5101
1508 5456
1248 3577
1184 1732
1612 3096
1075 5544
1238 422
476 1249
346 1348
1279 7296
1110 4184
328 379
1700 4324
989 3652
1191 1237
910 2780
1671 3553
371 138
1038 2643
715 383
1901 11590
1620 8422
506 2412
634 3618
992 4496
34 54
1582 6518
677 4055
1728 989
980 4094
200 478
621 3098
1019 6069
1581 3262
396 851
819 1989
728 1956
1550 3576
1684 2496
624 1507
1200 6866
1262 2684
942 3364
1331 3049
1240 3511
1447 5435
1689 4617
1282 3078
1660 2563
1011 1676
670 378
1146 5421
1319 4390
483 1447
1480 7187
459 2513
807 1625
1278 5828
662 1497
803 4257
972 2015
286 494
672 3917
1450 1821
1207 5554
1130 3438
758 2571
1021 3219
517 2210
974 4155
1540 6648
1044 764
434 881
1136 2085
1654 4946
1715 9129
1504 3539
1067 931
890 2698
762 2978
1052 1153
796 3211
1040 5048
692 607
746 2205
355 1486
1579 9439
755 1174
767 2092
1157 5044
993 5976
1458 8334
1185 1135
844 426
783 661
479 1667
849 3104
166 865
513 3128
1311 1814
1591 6813
909 1558
1708 7220
1286 5829
1029 3205
636 2231
1109 380
652 1008
264 847
412 1374
1098 6112
84 135
1387 5364
309 1279
479 2769
486 627
1509 3843
1239 3106
629 499
1433 2150
794 1496
1597 1488
882 3444
952 4555
1447 7254
1278 864
962 3415
1621 5671
1566 1583
1150 4133
1086 3713
1412 1470
331 1104
980 254
217 130
1486 5518
726 855
1109 929
917 3041
919 842
1657 7552
1132 5237
524 1314
1010 4892
697 2574
665 134
205 912
874 1491
472 1627
517 1363
802 3914
1678 2193
1389 6495
1048 3798
1263 3802
1805 1340
713 3563
1118 969
1287 3042
404 213
991 1061
886 2779
1011 4371
1477 776
400 2217
1375 5157
1178 3917
1484 1496
816 1882
906 3663
1349 6262
330 62
187 212
1240 6526
742 3943
1200 5553
1592 6926
635 2281
837 2920
869 2704
1702 8104
1308 6687
826 1757
476 1686
1262 2577
868 2402
1066 4079
1024 5193
739 3360
443 1330
653 88
762 627
818 318
1748 4974
230 1369
988 2045
1328 3318
648 436
1156 6758
1367 4709
1498 2697
1297 5485
1792 10060
1111 4605
434 600
692 3141
1180 3053
886 1455
283 294
960 4223
932 4179
434 1191
1439 1857
1183 6506
1612 7774
1471 1594
861 647
682 3853
682 2722
1277 1670
1119 1833
1149 6951
1640 1684
1180 1052
1143 1105
164 67
1195 2400
1029 1211
1048 2596
895 4026
1203 457
686 243
1407 7743
821 4793
1031 977
1303 1212
332 63
72 318
1098 4122
963 2030
486 150
712 319
1407 6328
197 485
1070 5320
1068 3757
213 854
1522 6578
1742 9177
1040 5324
473 914
1488 564
1590 4630
756 2254
433 1794
1330 5038
1791 4233
1555 2171
1851 7352
1203 733
1564 5037
965 1341
743 3085
271 677
776 3840
1066 2329
479 2460
672 2134
1144 5295
247 1448
777 910
1004 4826
768 225
987 5766
751 533
1449 4598
652 849
874 4953
924 1761
979 2435
866 538
1440 8324
622 470
870 2637
1512 6487
1437 1233
770 1532
1254 5193
312 778
1495 2606
1576 3257
1292 2892
1243 454
1076 2840
803 3022
757 4304
1026 392
1630 222
1604 2112
951 752
921 2878
770 1263
702 907
757 3890
687 869
1156 4540
638 141
1646 3586
1444 3640
966 4874
461 382
246 1451
675 1668
1093 5471
665 400
1056 2228
450 1698
1371 7190
1409 8114
1923 7958
247 1320
1155 1393
1681 3837
107 241
1713 2684
1546 4432
1066 6212
866 4662
1034 2511
1572 3598
1326 903
1598 6794
75 22
1281 6432
885 1894
1247 1483
1151 1338
923 5214
743 2410
810 229
1920 10039
374 1818
1102 734
1351 689
1494 7959
993 1603
1011 1086
1830 3892
688 1640
1606 7748
1773 5409
1889 5019
878 4004
1585 6827
1233 2751
939 4490
601 2253
1647 9874
1040 645
1088 5825
1893 678
1209 461
1478 6685
515 811
1259 2713
817 220
1712 5068
379 1816
1206 1029
835 812
935 2353
1073 3850
901 2603
907 2787
1671 627
1302 4453
1211 3085
222 862
842 2810
547 2325
1185 1116
1117 3872
1466 8851
1366 4410
468 445
1833 9594
1059 5226
1207 7002
1308 3252
102 163
1158 4365
516 2648
795 1861
940 1293
245 449
266 580
1050 2332
651 3193
1659 8139
1379 4197
964 954
938 2099
494 2342
1470 2516
1640 3319
1227 6854
746 4373
558 450
1029 2105
1652 6551
1676 3531
815 3025
940 2179
573 2797
1808 3153
305 1546
910 306
861 2085
427 2436
854 1370
937 333
867 419
937 3627
1637 5383
849 3993
1720 3934
552 3247
1053 4037
1098 4607
963 2457
957 3153
1061 310
1155 3806
797 1415
1241 1675
1409 3131
534 1622
557 1780
110 625
1357 4791
791 4179
825 2786
1157 2512
1416 529
1114 4226
525 3093
1498 5671
700 3196
1355 4543
798 1843
66 282
676 170
1394 6547
1036 5170
1158 4669
190 33
680 1353
790 2670
341 1629
613 94
676 3446
1476 7789
1273 4942
763 1102
566 606
703 456
797 1898
322 1350
1747 2593
1718 5304
962 2488
689 562
823 1083
1136 5329
663 1723
898 1670
218 253
1155 3852
1002 1713
1561 3151
1194 4772
759 4631
1763 635
1138 891
1301 7184
1457 5164
462 2043
1728 6030
852 4507
1100 380
140 237
757 590
1423 8642
743 2435
1549 2700
767 1267
1410 926
1120 2759
936 3742
1165 2118
1097 1442
1364 4413
1385 5896
1216 910
1155 6456
1666 779
1087 6145
570 294
645 775
829 1722
1000 991
855 3554
1255 3150
1224 1032
1495 4030
1704 9194
1915 7141
1420 4205
265 211
937 3489
1063 2331
178 949
1158 3434
818 3230
511 99
321 1127
983 2812
805 4726
1744 3096
1142 6605
577 2245
624 2731
931 472
217 1109
1032 5932
650 2627
1044 224
888 4766
1329 732
1078 3456
739 2569
632 1673
888 3129
678 3626
1211 3585
973 3879
1176 6051
1377 803
1155 4133
1112 5377
1723 2573
1640 1318
1800 8668
635 2662
590 2052
957 4740
925 2374
602 595
1086 5651
1007 2297
1356 7106
1500 6334
1587 2624
1147 5749
504 202
1494 2951
1078 3775
1731 5500
751 2608
1219 918
223 1139
1417 5380
802 3431
850 2382
604 1844
307 1468
1176 1033
591 2690
644 3476
1414 7530
1146 5322
684 537
1412 860
976 2165
1813 8906
1854 2044
624 3291
860 4112
710 3883
675 546
1431 5252
1132 3080
971 1673
1540 1583
1111 2859
793 2269
810 4123
1459 4032
1112 893
1366 6242
1766 2091
1037 4548
1233 1056
751 1348
319 1404
280 963
375 1066
1695 1471
337 1749
852 862
1388 3802
1390 5739
201 403
465 1701
1307 1601
1237 3275
1216 6277
1485 8968
1269 5082
714 3894
477 2061
1337 7489
586 2026
802 582
1382 7460
205 272
734 3707
1275 3688
646 1807
922 2619
954 3164
682 1181
962 5509
1101 3049
603 2818
1046 3083
1016 2680
494 755
313 1687
1437 5401
631 2262
976 1638
1713 6703
583 2533
1011 1698
1108 5580
1102 2860
992 347
1332 897
1243 1966
545 350
1133 6530
1082 1443
1494 8257
379 1327
1139 1237
1124 6056
1666 744
742 3272
1654 6721
959 3142
1284 5585
186 345
1029 3624
227 516
1822 5718
1601 8378
1561 6394
1409 6863
1104 545
1299 6051
1587 8860
1470 5315
716 398
1106 4377
798 450
1475 5151
962 2982
380 231
667 939
827 2491
808 1352
1009 5565
924 2667
659 3872
1679 5032
87 291
582 3084
271 1523
270 1017
1354 8186
316 1899
425 1821
1305 1884
658 481
1550 3356
1046 3857
563 2015
1657 8117
619 570
662 3829
870 5090
1096 515
891 561
1440 165
1432 5041
355 1381
1439 3385
965 5369
1401 7787
1313 2841
1193 5971
720 3544
1469 8939
1607 5538
77 74
1487 4523
457 270
230 465
740 2909
1236 1467
1008 1822
1120 2445
1395 1099
1268 6020
1500 5263
1025 2097
1265 2904
811 4541
739 2851
924 3385
969 1412
1686 8326
553 543
321 231
1210 6213
794 1994
721 145
900 153
1572 257
683 972
960 4812
1124 4015
829 3850
1021 4669
814 2960
968 5146
1306 4575
1119 3907
717 2993
683 2985
977 4045
398 2091
516 497
1101 334
1127 1205
1335 5504
1297 5980
1261 6930
1360 3711
945 1195
571 2449
461 2303
1423 6794
1225 5722
563 2341
241 1433
1319 6004
970 1637
1837 7643
1098 3864
593 717
420 1557
186 818
1041 5271
1440 7338
1011 1136
1209 6826
687 176
709 2739
908 5380
1144 278
1067 4820
1059 4342
1250 3386
387 1806
476 177
1522 543
1189 269
1021 5497
641 3327
1247 5373
1076 1254
773 4404
799 2605
681 3234
980 1715
249 337
522 2288
426 1919
1011 2213
1600 5604
1600 1981
986 5198
1319 858
680 3449
628 1460
927 1438
1415 4304
1174 1805
959 5057
218 404
1287 4191
556 2355
620 2440
1379 2758
1693 10010
763 3769
1170 5097
1296 7867
402 2135
628 2895
1559 2186
1319 1172
732 4433
1608 5696
1402 1202
315 1682
773 3148
513 1130
991 5673
1027 4363
963 4097
1124 1672
379 2293
992 5068
1146 6773
551 1684
1523 8765
818 2859
824 2966
1186 5235
299 986
1345 3996
969 744
1510 4061
1144 778
1114 2325
280 352
389 433
952 3140
1463 203
1689 385
1126 3567
1439 5884
1121 5230
1410 3314
411 619
994 5970
1100 3334
1267 1548
873 3196
1022 4808
918 1052
557 1896
1255 3843
770 195
1342 7244
773 1360
1224 7135
1486 8504
1460 1318
1017 2360
1238 3773
1723 6776
843 2957
1295 1792
916 269
973 5683
683 4088
1089 2804
1243 5883
866 3480
1290 2291
817 4112
1819 7407
1082 4984
1035 5905
1597 493
1555 4438
1073 4504
990 191
1121 4678
1540 6057
129 527
530 3112
1779 10029
1054 1056
521 3027
1468 8030
1863 6300
1395 4421
1154 4547
1629 7867
1069 1532
1015 5981
1331 4793
1065 2350
1667 5446
1472 6167
1428 4662
976 5028
1184 743
791 1089
681 2910
829 3529
1169 1909
760 2138
1533 6861
943 1775
960 1928
1067 2519
871 1956
494 2001
956 954
631 106
242 716
1243 5303
1353 7797
1718 1531
1045 491
1626 5283
1080 1249
1020 2430
773 3569
1647 2299
1253 5796
486 2401
1433 7510
747 4542
673 1823
1117 5950
1424 8399
1549 6514
782 4119
355 944
797 3319
606 352
1219 6521
1048 1389
1391 6926
1552 7138
619 2090
981 566
559 2637
1228 4079
1261 7483
798 4580
1159 2417
528 1976
1237 2071
1192 1688
484 2094
1512 2752
1005 356
805 2827
970 3502
1422 6220
602 1907
1733 8536
683 1928
778 1811
1394 4140
431 2344
870 695
892 2509
1030 1420
654 1993
634 1675
129 742
545 1805
751 3137
834 212
406 480
1336 4813
560 3142
1068 1087
535 2174
1902 3864
994 1228
1208 5181
148 908
776 255
332 1570
877 4353
1665 5186
239 432
1343 4961
1682 4412
230 1094
1448 6531
291 1488
1778 7645
1032 1937
1070 3740
1543 336
496 2165
1399 5971
643 3331
1054 263
536 125
1405 4767
1735 2043
514 3043
1655 7699
1149 5278
426 2330
872 4565
992 243
1718 5580
289 860
1199 5712
1126 4029
1787 5065
947 2727
1518 8650
726 2643
1055 5747
1002 4180
627 2938
1577 1849
1245 2192
241 1109
1169 977
1623 7225
1287 4066
1460 1281
984 947
382 967
407 979
809 955
270 1519
1164 3625
1027 1598
561 2828
1454 4776
879 2387
935 2161
1347 8006
1177 5984
917 5467
618 696
560 1078
1269 3729
404 1268
1205 2683
1153 1123
287 1743
1359 226
1311 2854
1460 3805
1126 287
1370 5781
977 154
1051 5526
878 3567
510 2307
739 3650
866 2897
1186 485
1413 4522
1708 8424
959 5336
585 1772
1672 621
1037 2345
1294 3445
1417 8428
1273 5203
572 662
961 2155
1226 6454
625 3480
1150 5286
1517 9081
857 2542
839 2782
1798 8837
1024 4311
465 1340
1585 3702
519 1158
1120 553
721 1867
290 1529
607 1081
1277 460
1117 1195
1248 2033
1124 1248
577 513
1105 6159
911 3094
931 5208
1060 4115
1585 2697
1397 8231
1010 2499
802 533
849 2829
1123 4395
1934 8934
937 1894
90 386
1138 3488
1613 4328
536 2334
214 607
1658 5791
1126 1468
474 371
1497 6169
1524 8332
1708 2318
955 1738
1806 6901
939 601
762 1848
1022 1199
1708 6978
1000 2039
534 923
1228 3286
1380 4572
1085 6398
1220 3096
1168 4774
706 1075
975 2573
851 683
1221 1026
1221 2249
893 4186
795 4480
706 3562
571 2489
1116 6342
539 2479
601 1991
1453 1597
1416 4828
754 4083
1736 7216
1097 148
1231 505
867 3983
527 2276
547 1085
947 5426
1198 7121
585 2920
1008 1452
1097 3409
798 4012
1396 5478
665 2852
955 2627
1369 2715
561 2160
1490 8013
1236 2041
878 1061
223 934
612 2802
1831 2524
746 1635
1679 6726
1353 2778
1609 8281
1082 2763
1636 7566
914 4173
1002 1215
896 1084
1488 4405
274 429
1331 709
1182 1082
677 3101
1196 6403
690 2119
826 1371
1082 2484
1156 5028
872 1356
1357 6679
1389 5988
853 2492
1175 5132
189 291
808 1721
1051 695
692 2542
1240 930
1244 1074
924 5352
1081 4936
1072 515
775 3833
560 134
436 1487
1121 750
1529 4469
130 499
1474 3686
829 2270
751 924
495 1035
404 197
1425 5753
1467 5831
603 183
1104 135
1639 8857
1191 1521
1011 330
532 1385
1222 1064
1817 9527
1312 5026
1199 6373
292 167
1215 4519
544 1496
405 1811
775 1643
723 202
1349 1566
1424 7337
1223 4413
894 4713
544 432
814 672
875 3378
1071 1861
1099 3471
776 3256
992 1234
447 1170
1403 5378
1237 5313
1642 2499
1001 5594
1466 7346
1377 8226
954 3737
1134 1370
1111 4644
773 3473
1588 3511
1035 3740
797 189
1344 3193
1484 4394
1653 798
654 1398
932 4194
979 3561
1032 5757
1283 5510
1198 4003
1742 7291
1901 6921
1460 1862
1210 6465
859 465
406 834
867 1131
708 3364
521 1861
317 1640
1607 8316
1119 1014
1422 1349
589 2957
1078 2333
1588 1745
679 623
986 4153
1362 280
630 2616
1466 3461
504 2158
1218 5209
1819 864
81 502
1070 3251
1079 2850
1720 4951
725 299
1102 6318
843 4785
1263 504
1360 6363
1150 1427
211 206
206 409
859 3550
1009 2971
711 3940
1725 5306
718 1965
1056 3539
1425 795
1174 504
1068 2810
478 2114
1490 2315
1008 3463
922 2111
962 3733
1289 7139
567 1224
853 1309
498 2545
708 1415
1121 4633
1142 3844
1420 8333
1448 4387
853 2623
850 1864
1053 1922
280 833
1814 2924
1221 5009
1388 5999
1189 4079
1145 3356
501 415
1045 3327
1574 2945
1659 3224
534 2423
1568 7128
823 876
979 4977
1078 2748
1037 5317
1188 801
1493 7434
830 959
87 465
1163 4356
571 2864
1278 5089
944 4910
1223 6931
684 1135
1429 3539
1054 5371
1783 6326
1398 6276
656 1927
1187 3093
1175 690
1258 4777
451 1558
678 1799
1220 2412
1375 3930
1044 2715
1299 1577
436 1004
1489 4032
703 1186
781 1466
445 2336
1484 2519
670 2775
1447 8259
1115 4362
1087 3142
579 2608
909 5263
475 1935
377 1327
1399 2553
936 4935
1149 4462
195 1038
198 43
686 3429
1503 7572
1395 7870
1418 4528
736 4321
262 1359
833 220
1641 8469
1295 7223
1227 3320
199 1107
933 4838
1442 6139
773 3228
620 2415
845 4337
1332 4119
1219 2131
1261 4566
847 2962
1515 4371
500 2305
998 430
953 3759
842 2043
1597 2808
1169 2682
1025 2216
1706 3921
952 514
752 1932
1013 1023
1467 1618
501 2176
1592 5974
1018 5887
1580 1883
1226 5867
269 367
973 5359
857 873
1401 3858
1117 3627
877 3439
1765 7218
713 860
998 4248
911 3348
1210 1871
1227 531
917 1315
1076 441
1199 2895
1847 3858
1020 5391
843 3392
1018 566
866 2798
941 5338
715 3222
1152 5700
159 218
1313 299
701 670
1269 1977
1114 6176
1336 4171
822 4634
1387 4439
239 1023
1218 203
917 631
1050 3480
518 1667
1006 550
398 2059
293 953
570 520
998 6013
1641 5293
873 2097
1864 4380
947 367
817 1225
645 1746
1080 3471
1742 1528
1514 5703
1751 9062
906 5497
1492 7614
808 4537
1630 9940
1572 7054
1419 7329
669 973
331 973
501 146
1143 4170
837 4938
1003 3375
549 3130
1222 7019
914 3122
633 2131
487 2758
335 1155
484 246
1823 5044
845 1020
1400 773
1198 2231
517 2764
540 2679
802 794
238 1436
552 150
1473 3231
1884 5120
1240 3953
1358 7672
1078 6137
796 1667
700 2881
879 1510
966 200
1117 6499
720 992
437 2086
419 2107
1833 8282
982 2673
1507 8659
1284 4378
430 2417
962 1340
277 1654
247 54
1300 3091
1088 3784
1464 4191
1730 8613
489 1937
1120 3164
916 1092
1356 4406
1199 6583
1712 1763
559 635
444 1024
851 5088
1126 1766
859 4985
694 3960
1069 647
1061 6373
104 31
1736 7818
1181 1055
66 93
835 4747
888 2953
1309 7527
369 2008
1048 4104
1325 7158
994 2519
421 2459
864 2036
1713 8972
1788 6178
1260 5501
633 1251
787 3696
452 291
1869 702
678 1461
1513 2463
1498 7289
917 5475
985 2927
1396 4837
1265 2099
972 5511
1122 2506
385 101
649 1664
777 1520
446 955
1321 1408
674 1743
912 3534
968 3037
1360 5062
1370 7823
720 1376
727 175
624 3753
1506 574
272 1230
1061 4376
949 4781
705 693
298 579
354 2004
856 3578
1168 3939
729 2809
1077 4321
469 2527
1053 3599
1374 2043
746 3437
1279 6674
1551 6422
374 939
198 198
900 1640
1050 340
899 2118
1249 4579
1730 10248
1214 3266
1015 3228
1779 1434
1036 5456
1370 1215
644 2013
1314 6628
1211 3839
820 2032
709 3436
1145 5886
1088 1809
946 5116
325 626
744 1848
842 166
1097 5697
1698 1749
1057 1326
1412 2696
1483 3834
1388 2780
1830 594
418 1254
438 1924
1251 334
1771 5457
1720 4554
616 466
1163 5621
1058 3043
1040 2809
1287 3542
668 282
1057 613
810 106
611 1669
739 2427
944 2984
672 408
1444 205
1244 1616
1457 2973
562 204
635 625
949 1054
1017 3755
1575 4367
993 3832
886 2200
866 856
1136 6528
878 1015
653 3880
710 2794
1403 5262
591 1398
1632 5206
1687 209
959 3169
916 1342
637 1101
875 2706
886 3208
1651 9404
938 888
1402 4332
459 1118
924 1001
490 2258
1139 2526
1368 7409
1650 1931
1912 8382
1369 3177
1065 4630
296 407
1089 3649
1169 5487
1535 3424
523 3123
923 5194
1526 7259
1305 773
1515 6171
720 1409
1223 4362
714 1473
1211 2358
872 2151
1342 7690
1326 7029
1036 5363
707 879
1446 991
1185 1246
1192 6165
1190 2205
768 4217
492 729
882 3351
630 3510
684 3359
485 1924
650 2748
589 2847
1581 4496
390 657
810 884
952 3670
1332 399
1037 1024
1171 3816
1574 4441
391 1856
1208 2765
1215 2375
604 378
309 789
486 857
1289 3649
1323 6958
1339 6459
1192 4012
1493 3551
1062 3161
729 3471
1237 7097
1364 2860
1035 2938
798 2775
903 1948
1398 4636
328 124
1087 632
582 2913
920 2410
1463 8079
602 3421
1075 3776
776 1463
1427 8631
1307 2942
962 3726
1068 1477
557 593
1760 8769
946 3457
337 1300
586 1075
1239 1616
557 1803
1547 2513
544 833
1705 4600
1199 7323
716 2301
1009 4934
1085 2505
245 1327
1003 1128
1594 304
487 2722
262 41
1022 199
618 1103
482 1704
718 3947
374 1867
251 1199
597 2177
692 270
511 1899
940 688
892 3851
1099 1146
1651 1943
544 512
698 393
1311 4033
796 938
1274 638
827 1482
1143 6012
1150 1604
903 2028
840 1629
984 243
1333 6577
1071 1704
1044 5602
1347 4587
1813 6088
743 1768
1603 6878
1190 7178
452 354
1122 1489
370 1383
1099 137
1376 2236
863 2562
794 1281
1548 3398
1325 3713
1320 2918
1009 5986
1272 938
715 977
1427 2008
895 1494
1140 3388
1304 4347
445 1765
1301 4719
1200 466
722 4350
871 1623
1531 5162
1578 7495
1221 3546
264 1159
1455 8283
567 794
1566 8527
1156 3873
1661 4224
324 1429
811 617
1514 8340
1103 2032
1400 389
1517 2771
840 3246
918 4500
1346 7099
1482 3518
664 3606
468 1246
1077 2633
732 568
368 933
821 4040
1501 4982
709 2478
553 2773
1204 1082
1063 1860
1390 4440
994 3133
938 1317
1174 4356
662 179
643 3464
1277 4518
1233 6264
890 4576
877 4020
1182 2372
901 4263
1541 7158
1111 1175
959 1833
1711 3443
1233 1390
1058 3884
784 1341
1185 1176
239 496
1587 1586
574 633
997 4086
1478 7793
1550 753
742 2279
824 4488
1297 1362
1140 2992
54 36
103 37
1409 4597
1007 2424
727 3019
560 519
1362 2118
826 451
1419 1345
1218 7176
1493 1539
1867 11305
1145 2179
1669 1237
1385 3212
1607 7659
1062 3327
250 1264
1030 1207
186 887
601 1572
1360 1749
391 2014
1014 991
876 1444
1474 8530
1259 1986
1132 5211
450 223
614 618
1263 4937
1610 961
1850 3118
1134 2702
1677 5330
1232 3144
924 2041
1339 5802
411 1243
1448 1657
440 2377
721 1202
974 1441
700 3478
645 216
908 4286
600 3378
980 3586
749 3746
1347 6996
729 3678
1580 5347
543 893
999 5225
217 478
352 1685
212 353
450 1609
961 872
440 2397
1626 2980
1087 3578
642 2741
1321 651
883 1868
1281 3673
1602 9766
859 5037
1218 5556
1355 8272
604 2551
1482 3591
1829 10749
835 1901
1059 1372
906 986
817 762
1061 324
455 938
1399 7380
1465 7576
1185 2226
779 2160
543 2905
1519 3120
1245 2867
1201 5669
1502 5380
1129 3060
705 2629
1313 3003
1334 1255
1059 4579
989 5880
1439 5770
1245 1434
464 2104
142 618
1585 4975
1770 6063
1792 1293
842 2199
860 119
142 30
1359 5955
218 1321
384 2013
1425 944
1115 4846
1470 7430
1452 6455
818 676
968 4402
1777 5719
875 3165
1020 5731
1587 9464
913 3272
708 166
676 1682
797 1259
847 1226
1168 6564
828 788
943 2293
1236 3660
952 1337
1000 192
1084 2034
1176 4361
1842 2619
925 2401
806 4516
1304 6170
1765 5555
1612 8177
1157 5601
594 2731
797 431
1007 975
1402 7804
1375 3980
807 1883
1686 1239
1118 5891
190 432
1294 1866
780 1529
838 3593
1645 7296
333 973
227 275
1048 3625
988 978
1104 6453
85 515
448 2446
1119 6670
817 1527
1168 562
1072 5419
1700 6512
1195 4586
1060 2736
1474 312
1264 6184
1408 2646
1446 1631
346 777
1306 3285
1405 2629
501 1409
584 1640
752 392
1034 2194
476 1266
1178 1312
600 2523
1107 501
859 2168
1156 6647
1532 5252
315 111
802 4727
1256 7280
993 2213
1149 2701
278 426
220 1313
1013 5409
1332 2300
1343 6294
1301 6788
355 115
1359 7585
1511 219
899 3981
1348 4103
1802 886
1043 3840
558 2512
583 2072
887 3152
1239 5525
1901 2477
669 3842
182 963
1605 1568
1802 4842
762 608
1104 3966
1353 340
1528 263
576 210
829 1979
822 4856
1204 5039
1731 2819
1374 6014
1190 5411
1022 4356
389 1571
659 289
1422 6887
1063 6359
80 151
367 171
1058 6239
349 259
440 2216
376 1808
1551 676
912 4422
1374 3266
517 2090
845 2625
1816 7848
435 2256
965 1502
1579 5236
672 3995
767 279
1587 1216
1249 383
1225 4154
1286 707
411 1428
752 952
957 4592
1713 2073
777 1505
1386 1856
546 2463
1693 284
1181 3694
1051 3248
1348 7834
421 561
808 3053
1542 1179
1387 2576
1369 4253
1149 2892
566 2294
1684 5845
726 2336
1613 3642
268 47
1141 6019
781 3029
987 3850
1255 7060
1408 486
598 2700
1102 6154
855 1714
926 1631
1430 6692
1771 517
716 2413
719 619
764 4159
1151 5040
1175 5048
1203 4688
874 5293
338 441
923 2888
1476 1069
1057 4879
453 2231
1107 156
1235 1915
945 4194
605 3568
1016 2174
1860 5937
1100 3616
1249 4390
1164 6138
669 2373
641 1322
1407 2730
1036 279
1743 1241
778 2393
842 2190
113 335
1066 5834
1111 2331
248 133
627 2478
1573 3215
357 98
1039 2021
386 1432
1156 6497
889 4475
758 3066
361 1058
481 1359
921 3076
1744 5760
1233 6283
1202 4432
736 2776
422 1848
1303 6668
443 1834
707 1682
1312 4081
1275 7195
1736 3285
1373 1588
931 280
991 561
1435 4791
1681 2873
856 3039
675 2125
1527 4650
797 3672
396 2023
630 2826
757 753
968 2028
1603 2959
232 223
1173 973
553 2430
1572 900
897 3826
774 3538
821 3798
617 2823
1120 6785
789 4635
1010 143
646 1422
803 3809
943 4396
1008 5101
1533 585
1383 1667
315 1306
1317 5727
1317 4943
837 3989
767 3042
1576 7611
743 1420
1417 3136
912 2003
851 454
889 1615
1592 9287
1205 781
104 320
745 2874
860 416
619 1293
1554 2423
608 2034
1514 6209
1663 5461
1155 2463
674 3632
836 528
1011 450
240 153
1057 5191
1127 4683
746 1259
1613 7728
946 3060
1141 2322
989 3563
522 2478
541 3206
675 485
869 636
1604 4342
753 2840
1215 1190
1390 3116
1463 2821
793 2022
1039 3173
356 619
193 1075
528 1354
834 1140
1725 8779
1079 6349
974 1919
835 5077
867 2490
594 587
1472 1397
733 1301
831 4296
1245 1463
1448 7588
468 2574
1010 4440
1489 1537
885 540
402 657
1148 5925
672 2190
1016 3229
863 3189
854 4865
1026 4627
1666 6081
579 2679
1054 5521
310 81
558 3269
1287 6982
691 3189
728 211
1060 5023
1130 2959
1145 6055
1257 2626
904 940
559 2039
439 1637
1466 193
1955 9408
624 2577
1224 4660
401 2175
183 559
1088 5925
1119 5460
1300 7259
1080 1244
730 1687
1046 4247
833 4297
1635 6681
1844 10477
1260 4042
1073 4299
1183 1237
345 518
723 4415
494 2324
1306 279
1314 4309
1115 4530
210 41
674 1982
861 2213
1082 6049
1642 4365
846 3505
1251 4621
1313 7885
1589 636
1070 6142
729 1563
590 2709
592 1839
1441 427
837 2591
448 316
1440 2935
1466 8935
1344 4779
972 1087
975 1658
408 1138
829 4388
1030 3611
879 3739
337 1964
1320 7862
772 1924
1731 8972
417 2531
663 2526
935 2243
1024 5466
1270 374
1084 5968
1236 7288
1285 1084
1306 964
1521 8594
1096 784
1086 2678
399 1782
217 992
764 745
491 845
1252 6737
188 721
1273 1014
517 888
1138 443
214 610
766 2050
706 2195
392 1818
654 3593
789 1267
641 1988
449 617
1056 6136
351 697
493 64
765 1126
1052 300
967 4051
1217 178
1368 810
1054 3102
1036 1164
965 2177
230 839
1536 4243
1522 7698
590 1076
1758 3365
563 1442
667 1362
133 325
1386 6896
334 1354
929 2620
254 366
839 2879
1429 5586
1631 2079
1002 1548
1038 6139
887 4674
1343 7282
764 516
1605 6613
569 1937
966 3799
1710 2911
1301 4684
810 1778
180 1002
668 92
1220 2819
1518 5941
680 1041
1373 6465
1760 2279
1317 3518
946 4834
628 3712
1202 508
871 1576
340 1360
1303 5407
1586 4022
804 2820
965 1403
252 1251
1633 5803
415 2524
1351 2252
1077 4200
1019 880
976 5384
308 787
941 5155
1125 2800
1338 1487
861 3202
682 293
1484 496
946 1370
621 1300
1356 4703
643 1608
1079 653
1391 6510
1582 3269
1020 1074
1476 6437
986 5420
1301 1791
1756 9137
837 3031
1438 3793
1330 6363
1420 4172
153 425
1048 5641
615 2521
1572 2297
1020 4505
1254 5516
1600 3617
695 3467
1360 6099
1724 1570
938 4146
1002 1997
818 705
316 1138
943 3903
1394 7279
1310 6650
406 1170
1094 2406
1009 1417
1498 8279
825 2032
998 457
828 3328
1307 6277
658 3406
591 1470
872 2408
1294 5534
287 967
691 457
290 454
1013 3595
844 946
1025 2403
1872 3558
541 1022
802 845
809 557
1356 5760
1393 7202
884 4826
1028 2055
945 1718
956 1106
1043 1785
1270 4779
916 1954
87 516
750 3470
825 4755
1303 802
1656 4385
381 641
1930 10272
727 2879
1522 8028
1715 814
1094 1616
687 1283
1120 3902
1460 749
1582 2630
1071 1061
1125 5869
1613 1237
599 3417
609 650
385 1571
1086 5384
1617 388
964 4817
670 393
512 2780
1382 3824
1001 4547
688 3850
276 1516
721 3845
1654 7669
796 4393
1515 2203
1102 5017
1425 6270
897 5468
655 943
1472 4212
562 459
1003 4609
693 971
1552 5805
1284 3108
1157 4460
760 3138
1507 1561
460 447
743 2383
1378 4120
1634 7236
508 772
864 4664
731 2399
610 3292
1267 6177
1689 7336
523 1039
1340 4098
1004 4683
280 1247
980 1882
1368 3367
1673 10071
1699 4337
1383 4389
1482 6046
1063 256
1146 1371
781 2933
1064 3277
1831 9264
1964 10290
796 2894
1232 6105
347 1097
959 3548
1124 6692
776 403
654 236
1008 5793
1577 7757
993 3562
1334 2107
1053 1502
479 107
1221 3556
1143 5276
747 4157
1512 7103
548 634
669 1075
1263 6010
1093 756
710 1090
560 1948
346 219
1387 3836
1206 3922
570 2236
521 2870
202 879
959 1865
310 768
1109 1588
1039 618
1340 8111
881 4199
1106 4697
1033 5255
999 3545
1672 9204
1143 503
961 845
1175 7064
603 433
1358 5376
1261 316
1733 1290
1232 1382
1065 4248
1665 9766
1382 1221
1108 6247
853 321
614 2993
1761 5715
1136 5375
1740 7392
930 4223
786 2811
1065 965
839 2485
861 4387
726 360
1072 1337
333 1531
1005 1799
521 2464
1561 3936
1219 1235
433 1937
619 1394
375 2283
928 5634
1197 1316
561 2172
778 843
569 143
653 782
1377 5867
845 2008
935 915
775 1746
1340 1079
1393 2071
708 2509
1028 6001
525 83
1137 1606
1075 2967
1033 448
593 2331
828 2218
867 4739
873 1521
956 3367
796 3770
844 4717
839 462
381 1960
1227 5376
1279 6521
534 2212
1381 7516
814 2748
770 3702
1442 7465
1758 6888
1870 7758
1387 2118
953 106
1258 840
1541 9000
1148 2432
847 285
914 990
590 2623
1493 4265
952 4415
538 2154
1298 5269
1426 6888
711 541
1201 1435
452 915
385 1670
545 810
1198 2102
1680 3445
787 341
1527 8679
791 2157
1395 4247
1458 7792
897 336
1269 1775
1623 6796
1824 3316
933 4341
1332 942
810 3537
1220 5927
871 529
1197 3159
985 4092
1604 8632
747 3705
1409 8043
449 2644
1266 1860
429 2625
1207 6573
1818 5736
937 1329
902 5052
1215 5159
1344 1853
504 974
1810 6935
167 651
1401 1332
149 305
638 1616
1364 4258
117 437
1296 6717
1583 7297
686 1343
1724 9559
1656 3916
983 2466
740 2179
969 1771
503 961
1231 5389
950 3718
1095 1740
1413 4562
983 1844
1117 2258
442 1271
1318 6232
645 1762
453 1690
1295 4375
1285 7448
607 784
784 1249
539 3079
1369 7123
512 757
1327 3673
587 2597
381 207
982 4479
705 1400
1500 4916
1713 7926
549 3114
1051 5423
1280 1895
300 1293
553 3347
938 4741
598 245
1117 5206
885 347
707 1030
308 1060
733 1899
866 1283
1173 5433
525 2514
1178 4512
339 1505
1037 4878
932 1962
83 496
1180 7009
619 3030
976 4351
298 512
1488 6555
911 522
830 3160
138 387
1752 7517
1798 1889
568 1752
916 3452
848 4143
935 3686
437 2402
1483 4540
607 3019
1512 6640
482 519
671 4005
1436 6074
1115 929
835 3990
736 3728
568 2772
913 3019
488 973
397 787
1043 822
826 837
1294 1016
645 782
960 4227
1018 5496
1235 6178
1010 1718
1720 10157
1576 6402
928 1936
570 2915
965 3134
1583 8603
822 211
1036 2151
371 1667
634 1876
941 3032
292 706
1019 1752
178 528
81 154
1470 3319
1544 2778
492 1579
327 1629
163 228
774 4664
603 3213
936 4758
970 1542
1171 6392
1154 3464
1679 4069
975 4948
1192 7196
1119 4706
1261 4059
734 1463
794 1351
1007 1448
1213 880
1004 514
741 2172
859 1815
1673 4265
972 4182
1507 916
843 1630
788 3174
1207 5319
917 4741
398 1645
616 1064
399 1045
757 2608
952 4017
319 1286
754 481
702 2167
1208 2913
152 320
720 2247
1195 6350
726 2696
990 2250
1068 2756
967 1448
1495 5230
943 3197
1433 6059
1036 1094
812 1245
1029 779
353 1012
1410 300
1030 1607
399 1911
867 1004
674 2253
930 3752
613 2919
1085 1044
928 141
1550 1833
709 2853
1270 4579
1121 5963
1231 6636
372 276
1419 8628
849 211
913 809
1166 3545
1339 271
1321 4626
979 1343
1575 5607
1301 3322
794 4663
1166 1169
202 786
953 4691
1208 4797
470 942
1090 5074
735 3926
1240 6367
1014 2265
766 1388
663 2813
1011 5839
689 3624
757 209
1115 5507
1455 669
1507 1080
917 2135
572 277
831 3170
1310 2078
1291 6989
1009 4449
1115 5512
896 3050
832 4201
717 1103
553 1820
998 1551
1223 2346
1118 5091
1432 4423
1242 2661
568 2118
476 1855
523 2829
1228 3943
1023 4308
1563 5064
952 5124
1138 1457
1167 6851
1578 1904
1186 3588
858 2285
617 2265
692 3889
1265 737
989 3734
1439 4725
1700 7794
1755 6357
897 1161
732 257
1578 8945
1651 8779
1123 3547
583 143
1035 5765
930 984
323 316
654 1642
1107 3757
1030 2705
591 2932
744 2637
686 2064
1571 9464
1260 1673
1105 6290
1966 6338
1728 4247
1207 2799
1146 5181
1263 5161
600 949
1876 6852
566 208
1761 1947
1309 3024
664 2164
1405 6453
1428 6227
734 2455
915 3019
761 1441
1577 1673
1177 769
708 2589
940 1507
977 1003
1616 9088
839 423
612 393
1433 1557
735 3518
400 328
392 553
609 894
1084 5248
1096 5213
1875 7917
1430 339
1415 1211
1077 5883
1397 3672
418 595
1356 2854
1339 2279
842 3038
1062 1769
1581 5854
1023 654
476 1254
985 5687
342 1733
1266 7399
668 2039
1472 363
286 360
1275 7127
1354 3430
1709 322
1544 3300
613 2005
1171 4834
599 3360
1577 7231
1285 6209
1212 2472
919 5441
1540 6900
899 1116
894 664
1243 618
1812 4915
1362 3278
1396 1415
1275 5880
310 1825
1053 664
1420 8518
794 1795
1879 1384
599 1039
645 1658
1330 268
708 4190
1003 3629
1406 5701
1335 5617
1214 400
898 3299
760 2448
856 4682
779 1562
521 2230
634 3369
196 602
1609 3677
1450 7042
1695 3009
1294 3125
1030 346
1057 224
693 1534
828 3735
1386 1783
992 1390
1211 5831
724 1578
708 3766
1356 4949
1287 3608
449 1482
1300 1190
1245 402
283 438
890 3115
889 2193
675 467
956 5056
181 1076
893 279
818 2374
660 3847
634 2621
320 854
666 2721
1704 3635
907 1233
1491 2126
1570 8341
892 2830
1044 3739
888 2872
1509 2843
1329 5166
602 2446
1982 7400
963 1057
795 2870
766 3419
1158 5591
1587 6065
1678 4094
487 1381
1251 3736
1307 729
825 2714
1218 5566
1028 5798
535 932
686 1009
310 169
1566 5079
1639 6738
804 4040
1091 3829
706 2261
1201 5598
667 3867
568 749
503 2493
549 1994
1834 11171
886 2937
939 219
973 1975
970 3760
1174 2479
1411 5354
586 2863
64 275
196 223
767 1389
1406 1076
1450 3951
1009 2419
1579 8399
473 2284
621 2643
1058 1988
448 1114
1272 3866
1239 5143
1160 5733
1024 6187
1601 2088
985 5013
999 1220
1574 5200
528 1378
1182 2290
1644 9951
679 1577
740 3695
715 2387
1667 6037
1000 1812
1561 1169
714 158
678 1295
1002 4423
1200 6366
633 2179
1437 3629
1335 3410
1408 3751
746 569
306 814
1078 4601
1493 1149
1740 6212
982 5483
708 579
413 1356
965 5612
1344 852
166 986
1314 7135
947 838
1334 4733
941 2012
897 3165
1077 3128
1673 4545
36 49
1405 2197
1446 8515
1293 2019
952 3632
962 931
1184 6565
1201 6485
1021 5440
1065 1779
747 2915
300 541
1276 2885
1263 1450
1025 4554
801 4882
1109 6613
841 4368
372 1048
1227 7447
699 1437
625 716
724 2795
1668 3139
517 2415
875 5183
510 2769
805 3570
777 2219
755 1240
1350 2491
1280 3156
1398 4085
864 2241
794 2840
1060 5432
1119 5779
616 566
1420 5231
1119 2920
1204 4352
957 429
1071 3078
1240 202
747 1111
848 465
664 782
101 305
1223 7026
1566 6556
1015 453
362 619
581 421
1067 4242
1355 7178
1448 2444
1568 6923
711 3941
1511 5241
1264 7378
1018 5735
1852 672
463 1041
1428 1944
691 1603
1719 3463
1644 6384
939 486
1500 1118
858 2120
431 1118
1039 1177
1313 3284
1349 936
1690 1725
529 2352
1277 6592
1264 5909
903 4179
533 2462
1255 2998
799 1175
510 2444
1082 2453
1494 381
1669 8873
1566 391
1794 10822
1832 7357
640 877
568 3241
807 141
672 890
1954 6608
712 295
1432 3721
497 1200
213 1033
1109 270
542 448
761 2472
571 1492
975 480
84 122
1349 6490
1645 4464
1788 8341
248 1466
1347 4041
1349 346
1046 5211
1005 3890
217 996
709 621
1341 8140
1156 1858
584 3291
867 4334
1434 556
1116 2926
1684 4060
536 1924
956 891
1022 2757
1019 5984
1522 755
1304 2092
1713 6828
812 1703
186 277
1589 8972
1113 3209
1742 4384
592 581
1127 5497
563 1662
1067 2024
980 922
528 716
1775 474
733 4031
994 548
557 1854
1035 2007
1150 5089
1323 6139
484 2208
554 2231
1117 2533
841 415
1248 6986
803 3476
1103 3894
1571 7227
1037 2674
1499 2164
1151 1607
1279 291
900 1389
1422 254
1736 4056
1111 6052
1370 2019
1134 611
341 256
481 1180
1147 2938
793 1275
914 158
833 4667
881 4423
760 3856
1068 5920
657 368
786 4781
584 1678
829 231
902 1824
1690 10004
1367 5732
599 1602
1969 4765
625 3419
676 2721
853 5123
760 782
635 2949
1320 6287
1799 3715
1121 224
1537 4261
1335 7212
697 1069
1191 6085
1042 1786
560 3301
889 3070
65 36
1295 7195
1390 5419
1772 4963
1176 2630
794 1023
504 1900
1306 7005
1565 3539
903 5249
363 544
1327 5149
388 958
1053 2836
194 362
969 873
1183 4412
409 1348
889 5366
577 1585
813 1469
349 883
687 1878
1426 8167
135 64
974 3486
1241 5152
948 551
1021 1827
613 3114
1210 7242
804 1231
594 1001
945 4999
1012 4325
610 2466
1598 3420
743 1817
1453 6988
384 1673
1061 4307
437 2647
1084 2219
105 633
459 2585
828 2738
1420 6932
1550 5346
838 3749
1431 2417
264 1554
911 2577
150 643
1044 2710
1362 1549
999 2115
731 1320
573 3008
1766 8412
1264 6205
1260 4565
796 1374
1006 1460
1403 1875
1166 5247
611 1558
1255 1612
1133 6229
1585 8577
785 1084
530 1564
1033 5828
1245 1622
1215 2658
775 3400
1093 3141
1451 1189
1193 4566
1052 901
1706 5814
1075 4930
610 3474
1373 2203
1236 6566
1288 456
1241 7024
683 3030
520 455
1244 6058
364 1460
686 768
295 890
1069 3366
1211 3737
1385 625
688 2285
771 4325
1039 1799
670 1812
657 1947
425 2247
1438 1754
719 2818
580 3384
1583 5963
975 1669
1575 7636
548 1451
1783 3057
356 1697
903 4097
1135 3594
788 606
151 200
458 1256
1026 1468
512 341
963 1973
1476 6590
1095 2283
728 3610
1275 6111
463 1459
1035 688
1043 2755
862 1648
534 903
911 3317
1543 3182
1188 7226
1160 5049
1014 5389
376 788
1543 7980
762 4443
1368 2318
757 4506
1422 3776
803 1689
824 1906
1058 547
710 936
1302 3214
146 825
719 871
1342 4826
518 2169
1328 7236
1819 4129
1162 4150
541 1230
947 360
1606 7481
1546 2394
829 2110
1616 4519
447 664
932 1875
1488 1202
1171 2630
858 4902
1608 6787
902 763
836 1783
1265 6480
794 816
855 4067
1390 179
544 2940
680 976
1105 5581
743 2939
1074 5789
182 491
1248 7021
1675 6680
911 919
1260 2556
1009 4363
1533 6023
887 2878
803 3696
1075 256
313 984
1071 3460
445 2560
1585 5512
856 2126
1245 5131
1319 7096
926 3264
1410 7231
829 417
1183 191
1087 507
789 778
1722 9863
782 3031
1157 5555
1205 3741
1260 4598
1133 577
1299 5722
1398 6937
351 886
914 5520
888 2112
1489 2750
265 1321
1498 5297
431 724
1673 10050
182 700
1513 7692
1098 2753
952 3838
1437 2785
1049 2287
703 2685
355 173
381 1301
1122 2870
1157 2958
438 2193
1109 2842
1320 1950
805 1828
553 496
574 3362
775 3173
690 2268
809 433
879 2242
148 393
772 938
1193 3031
1161 2781
1143 5891
1780 10376
1704 2901
1962 9191
438 571
1194 1168
1626 9557
1010 4380
1269 2118
719 2727
1241 5835
1059 5517
1111 5411
512 2876
589 96
956 1826
799 3612
776 833
1375 7856
770 711
766 2764
1006 1446
849 2380
1532 9163
1223 5385
775 2674
1670 5112
1820 1382
1332 2741
1505 3898
1259 7370
1314 7778
946 263
968 2010
527 246
1042 4342
1373 1992
1584 1542
946 1643
151 422
631 330
1339 3606
651 920
507 86
126 307
1311 2088
238 602
1518 7006
496 2546
735 1434
481 2829
1784 1025
1011 5611
1182 4376
1005 365
273 152
1703 475
995 4619
1625 9914
275 683
1112 2104
1531 9304
1159 642
1345 3908
1229 1527
647 3314
807 2847
844 973
811 2875
691 979
539 973
1261 1079
728 4410
735 2032
1052 1773
956 5613
1263 3556
1221 293
530 601
929 692
1466 1928
565 763
982 3356
657 845
1048 3018
840 4001
282 790
1231 6036
847 2456
1017 623
1268 5337
1675 592
661 2723
1640 3960
1474 8822
1069 1436
1523 7426
256 1468
1316 5047
1321 5961
1432 5474
1435 4072
722 3197
704 3559
1182 3620
849 2140
926 3022
103 628
1419 7229
726 1661
1707 9258
1232 2789
978 4375
278 376
477 2545
1628 935
1404 918
1289 3079
703 4194
926 4417
1204 6854
1637 4192
1791 9918
825 4924
1105 3308
1025 5576
1490 2251
790 1933
784 637
1266 695
914 3564
714 2179
717 1361
917 774
1217 2700
1051 4172
1070 6150
486 1930
1184 3579
1077 6182
394 916
1317 6275
1295 5237
1649 7976
860 540
482 1935
1654 1129
642 2254
925 161
1037 1505
919 4897
1375 5616
1828 2185
1875 2143
1188 1175
1207 1684
599 1643
1136 385
737 713
1029 5978
705 1374
1070 4157
1776 934
1130 2099
760 459
503 1207
1841 8801
1471 8739
1149 3026
916 698
354 1837
1263 956
649 3106
755 4473
834 4956
1199 578
490 1337
972 566
750 1659
713 685
611 1041
1119 5163
897 300
1503 2854
1833 10560
293 1050
1435 1848
1522 5860
601 1861
1482 808
1305 227
1162 6493
1564 3675
1075 1566
1169 1492
1391 7166
572 154
672 577
1104 1401
1180 7055
1292 5235
1035 572
1375 287
1785 6699
1525 5639
842 2066
968 926
852 3548
567 418
704 4297
1387 4732
1143 261
307 1002
764 1875
711 2374
733 2609
506 2967
1507 735
1016 109
1139 5556
1238 3169
864 1464
659 2861
1282 793
1570 2985
910 2104
1051 3843
1006 6105
850 3488
430 1218
81 485
1417 2959
659 1394
1267 1804
1053 6226
1307 4263
773 1664
1642 8952
1503 488
1540 7839
1300 4108
958 4729
999 2617
515 426
1026 5901
846 148
1387 2724
1161 3824
645 572
237 204
1071 4280
782 2217
1159 1562
227 1302
986 5757
959 2744
1358 7548
1894 9311
833 4911
816 4104
1222 2636
741 3128
523 706
1554 5280
640 537
1265 1948
383 81
1837 8763
1378 7269
901 4555
1642 3958
386 323
1391 5390
1268 1990
328 567
1058 4173
973 4402
755 3250
587 2144
48 134
1228 7064
925 2477
879 1220
463 1624
326 1990
1391 6085
1699 6327
1318 394
994 1017
341 1802
958 2514
544 1818
960 5437
665 3034
934 1641
915 2610
1385 8119
605 2113
552 2753
770 4655
534 971
438 611
983 307
1155 2769
1082 983
1699 1735
863 1690
1558 4352
1172 5808
1445 1865
520 937
779 3887
1619 7469
907 2027
1300 2460
1881 8344
1661 8363
1472 7992
1091 4952
325 1332
547 1819
1009 1967
678 3239
235 893
895 3531
887 282
309 159
1338 1997
287 168
1541 4779
1386 731
928 2127
1286 1918
1462 6550
922 3224
1274 7125
1356 5459
1241 4579
1045 3446
1273 6015
868 1734
1606 9004
152 924
413 119
346 222
958 5536
1000 6110
762 135
938 5199
1130 5958
1084 3657
1012 256
857 2064
717 988
938 3135
1261 6654
1063 1613
1434 1635
1389 2979
994 3311
962 1539
1383 2956
634 1693
1199 4919
561 2861
1533 873
1046 4859
846 161
1124 6777
776 3447
603 1202
802 502
1726 8614
1610 7947
672 528
1345 530
832 4377
1096 677
397 119
369 271
925 285
1497 4311
1085 1432
657 3612
1647 3568
870 1141
580 1745
1631 4807
669 2041
913 767
1409 7651
1557 8962
920 2355
454 2755
672 2511
984 3742
1336 7723
1669 8378
178 306
716 3817
1234 6551
1291 1873
338 1446
525 3011
1713 6320
1654 7532
941 776
1507 5066
1025 4030
789 383
1731 4428
1115 5315
1091 2047
1514 8055
1472 3260
564 2256
1192 3383
1155 572
762 548
971 2233
899 3325
978 3087
731 2976
286 721
791 531
198 1193
898 4620
1393 2977
1131 3371
590 2444
1074 3034
1548 5467
916 200
1614 8196
999 5723
1105 1730
863 2650
1459 2825
1062 1653
1384 8234
729 3138
1269 3316
1476 6236
1042 2789
331 444
930 1614
775 4308
967 4746
576 1587
777 1548
1136 5747
1555 2309
1516 5843
1011 2365
1675 4207
240 635
657 2875
1098 3945
971 1975
1282 7713
710 2636
730 3289
1673 3144
1504 8323
1166 3068
1064 1235
183 362
1214 2441
1000 4915
518 2635
1342 2739
169 955
1786 1632
326 1339
1409 2356
1210 4262
725 4042
604 2653
982 5777
1593 9697
1436 6870
1701 6133
1310 5914
1209 4138
808 3812
1102 1383
1191 3908
175 260
805 1697
1124 1540
1149 455
844 433
910 202
1335 5318
603 1980
1351 1585
1450 7933
1087 3953
323 1469
687 1045
570 1338
262 1055
1057 3081
1626 6548
1295 4125
627 2978
1542 1786
785 382
306 1534
599 3224
1538 4000
1460 1881
1168 1425
291 1448
724 3396
613 3350
1069 591
1387 6059
1233 4212
529 1106
1299 6535
723 283
1633 8663
560 778
1054 3363
1335 1377
417 1076
1641 5829
1007 5771
1141 3219
869 5070
1121 4921
796 1364
898 3718
602 1676
1059 2553
999 4787
1762 6359
1060 5710
762 2992
733 3697
1207 940
547 429
1894 4343
1405 2266
999 1998
1536 8533
661 3629
873 5320
702 388
1326 7507
1589 317
677 3409
641 1251
1120 210
956 5025
619 1874
724 2423
1078 1691
246 1004
891 5012
928 4635
610 423
538 1921
199 809
371 934
1197 1609
1696 2543
1232 2770
779 1108
1023 885
1527 2418
1412 5898
1355 829
779 1878
1581 3787
933 4728
1329 5386
1562 6942
624 3207
67 240
606 1807
311 1030
1509 4812
695 3911
1096 4195
1414 6261
940 4274
861 1307
1129 1523
447 1586
276 309
264 659
467 1915
1207 4905
1345 6849
969 5470
1013 758
514 2915
1955 5962
1725 2982
1380 3264
1273 7508
1910 614
623 2406
152 195
1391 5947
1102 5728
1550 3729
1046 4531
1028 4503
1189 5117
1271 6701
1433 3591
1885 2282
1295 4916
1634 2934
464 122
1913 9494
1447 2568
898 2543
1617 3082
1105 4135
846 2601
841 176
853 3482
1064 713
861 146
806 858
1082 1490
437 375
533 1266
1676 1057
570 1082
713 1501
852 620
1128 3383
891 4816
531 947
944 176
1211 6536
369 1570
991 887
1489 960
1074 3174
557 216
766 1926
744 3782
1060 4091
1435 8151
1093 3718
972 2989
1113 3283
1008 1238
1526 2327
1467 5279
550 2193
761 4541
577 1766
61 186
480 2874
1325 6333
810 2517
1269 5836
1781 974
1640 4387
964 2613
843 4906
1504 6427
586 957
851 5204
1305 820
368 773
572 2638
659 1884
535 2824
1681 998
392 526
409 1333
1492 3576
1652 493
1638 2689
650 1454
821 1878
641 2426
1203 3484
1034 3875
648 1791
1551 4751
1223 7321
979 2486
716 2997
744 702
1018 1609
702 379
1090 334
1104 3729
1103 4724
1464 1348
1906 9468
1215 2627
1584 5361
1896 5766
1519 5253
673 139
492 2093
1622 4082
633 207
710 3951
584 1206
1053 4753
718 2001
1657 5698
663 262
669 3312
964 3626
1347 1511
1272 1003
1139 5072
1659 765
811 1727
925 5073
793 4053
1828 5175
1163 2888
870 3473
812 339
1317 818
975 2192
1312 5928
1519 7153
1281 3961
1096 3592
1500 6490
637 3588
550 2834
1113 3484
960 341
1116 612
1121 2096
832 3876
1379 6129
858 5111
1524 6233
466 647
1204 3245
969 3986
1474 6449
1337 6763
1786 706
597 2224
739 1763
1084 3019
882 177
856 3805
550 2208
1473 8611
1271 1223
1258 147
501 846
1102 6120
630 1550
414 1013
1533 6529
1406 2854
1204 3046
722 2695
964 1984
1152 1920
1642 3437
122 327
1144 5270
812 2530
1550 823
401 505
1400 6060
1545 6803
1304 3898
1237 5325
966 678
1355 321
385 765
1307 7580
977 1390
909 2181
1109 5604
946 4871
541 2455
236 746
1216 2752
891 1489
1376 4847
570 893
1005 3335
295 1189
940 4979
993 3351
966 4191
1200 5091
1297 5369
1533 8580
280 227
947 336
780 297
1175 6526
1286 5696
832 2551
476 1186
1406 6319
1121 3891
979 563
1003 4646
692 3025
281 1587
1616 6089
795 939
510 1387
1099 1464
1573 2208
291 398
809 518
667 1104
741 517
867 3689
1368 733
584 281
1292 2956
287 513
814 1269
230 550
1085 2998
920 373
1118 3232
1025 3492
1629 6694
1686 3306
1493 5927
1530 4486
640 2358
717 1083
1561 6270
1235 1344
1210 4583
702 445
1521 8534
1720 4292
963 1815
1489 5571
1556 480
1221 7174
1125 2801
818 4538
766 3229
1131 644
448 2439
726 4310
1126 3427
1337 2259
1372 6537
1205 762
693 3897
1562 4763
489 2613
814 1590
930 261
1386 7432
1462 1237
1602 5052
874 3969
1009 2170
1509 8871
680 4106
929 724
1217 4026
860 1779
637 1665
1642 7755
1378 8100
496 94
368 1060
778 1383
945 2497
1034 5736
525 2918
939 2688
97 95
738 4507
754 845
419 421
324 889
542 924
150 247
890 641
319 1389
777 1032
1154 2470
1127 4480
1419 5318
925 2289
1505 621
1853 8844
604 1663
1253 3825
718 1748
1152 6506
1772 9750
817 3587
1259 693
1069 3919
1957 7194
1357 5674
1949 5010
1569 7900
921 3631
450 2623
1199 3399
845 3148
1430 8090
1113 3128
738 2795
718 2205
674 1643
1221 2613
839 4653
1446 7651
1255 5774
1530 7525
1339 6028
1539 3118
1604 7308
968 2610
1198 2134
1056 3625
1259 5119
1146 5533
1215 1545
1246 549
528 1280
991 3690
901 3152
525 2511
221 212
1326 4167
1067 2250
939 146
1255 1125
1279 3240
1726 8879
946 2257
1046 5716
563 1844
650 1664
1063 4808
1000 1958
1344 3208
1037 2834
742 1660
1245 6257
1578 6468
1379 2000
384 1470
726 3642
1218 1606
1005 4393
1454 3053
704 3985
1616 2122
488 1684
685 1846
1045 3050
1895 10450
1715 7798
344 1992
380 2140
1012 2273
1054 3368
1871 8310
928 2761
1661 3712
1545 9014
1747 3572
1123 6513
1563 6789
738 609
145 361
791 3972
1370 3326
289 248
1471 1611
422 1615
919 2107
865 5000
465 2735
1266 4668
847 102
1733 4074
1313 6957
940 2417
578 877
783 515
1419 585
387 576
1573 1600
1347 382
1358 556
870 2513
1091 1106
160 108
1417 5619
230 763
1610 6754
1450 6431
1576 7382
1757 3085
689 3234
1280 2143
916 4747
663 1698
1558 3536
327 409
621 330
652 2079
462 1122
874 2359
1175 2400
771 775
998 2742
1067 5072
1037 5562
871 2993
438 2076
699 3181
606 1602
954 4767
1023 3719
1465 4625
710 3461
495 1038
641 733
583 975
1821 9425
1187 3867
1062 3096
726 2753
1096 748
608 179
933 3574
566 2166
1343 2434
601 2659
482 1550
71 156
1497 5369
509 1233
796 1683
801 4300
1083 3374
629 1117
1468 8381
1050 2113
738 1058
554 1104
1184 4869
1476 4286
1452 4208
1382 2871
637 3186
484 1731
1166 6346
1099 5252
842 637
1617 7702
1493 3953
984 4400
1867 8092
1110 3954
1308 5795
1629 1136
1482 3094
1393 4777
1044 5109
748 821
786 3589
1059 1362
721 4093
974 5107
764 765
820 2374
1252 7319
71 203
785 4434
767 3773
1036 5422
881 1161
877 1301
660 3641
470 428
798 3232
766 1257
969 4360
1147 6341
399 2008
537 240
864 763
126 471
653 1670
806 348
1670 5573
675 2629
1271 5636
460 1365
435 1742
1290 3699
1054 5984
518 158
757 903
1134 1095
1629 8974
1252 6043
739 2519
1463 4660
996 718
644 2166
1700 9281
667 3429
262 598
926 5436
1679 10100
346 811
997 5283
833 495
430 2582
892 1465
671 3360
842 4637
282 1115
1712 4727
1227 4519
1747 2196
861 547
1196 4688
1577 6289
1129 1872
810 1378
890 721
860 730
1284 7606
478 2452
609 3666
1223 3310
550 638
1041 4495
1360 6614
817 1668
1159 3391
1212 7241
648 112
1720 10018
831 468
810 3929
1052 3508
951 1629
274 943
602 2209
1338 4389
1424 1680
895 1249
1156 596
547 1293
767 213
1075 4951
685 3734
668 3056
1610 8034
1143 6146
909 4448
1007 511
877 504
1033 917
1076 6155
173 875
503 2085
1920 1749
1505 7222
938 2944
931 3200
1621 1936
582 554
1132 3616
1280 5989
666 3340
1404 1837
157 70
487 332
1219 1260
1125 3938
1730 8637
826 3984
663 1827
641 1615
1115 4415
1642 256
1531 7585
58 115
844 2174
1201 5116
1126 1126
502 2166
1606 2121
1202 6274
1052 1291
730 4283
457 722
915 5448
575 1703
810 1147
1007 3834
645 1099
1611 2932
1248 5368
829 4703
540 3297
1659 8559
1183 1732
1234 1144
457 1096
381 1203
865 2006
859 528
926 1715
1890 321
246 565
973 5349
128 756
1337 6380
1120 3413
1151 3298
1697 6177
1003 3477
1392 7201
519 2169
395 1240
449 1510
869 390
870 2863
1071 2112
618 1701
991 1362
1166 2480
719 1617
980 305
1095 3489
748 1589
1365 2432
794 372
1300 4089
1846 2146
860 451
808 1102
855 228
1028 2099
710 414
1374 1765
672 2179
885 2066
1358 1283
832 4340
1485 5872
973 3518
893 5178
1183 5426
388 1884
1108 903
1530 4110
1630 5862
1091 2111
1638 724
1658 4867
924 2104
1155 3646
1094 211
764 619
545 409
765 3406
683 653
1590 380
1784 3605
1419 3061
370 1862
751 2759
906 1065
1462 547
1053 1929
1080 5580
532 2012
281 611
241 1281
1091 2530
1052 3514
1786 7586
1128 2342
1336 7060
1238 3678
1009 5579
1351 3454
920 2993
1246 831
674 3941
1437 1056
452 1808
649 2334
642 1038
930 2580
369 1941
1571 8684
1153 1289
1014 2861
1805 10141
621 3792
346 1315
913 5323
1386 7820
491 2399
998 1737
1667 4019
1055 899
1054 6149
728 1130
1506 2433
569 2717
1378 7193
1599 6166
725 2988
1704 4886
1459 7806
970 271
1174 5419
497 847
1679 5601
1440 2889
1275 6438
1115 1406
1015 1842
488 709
1304 4500
1049 5161
377 419
1357 5513
1152 4191
1441 2249
1848 1528
1325 1231
1293 1954
968 3222
733 3186
576 2379
1845 9757
1536 4431
416 2317
1059 4428
1302 7844
1276 5484
643 116
580 3017
692 3100
1204 560
853 745
282 1142
379 1619
1402 8209
1084 4655
1158 3365
957 756
996 487
919 4410
949 2874
594 1629
1121 3403
1244 1627
776 3644
473 577
826 1284
1672 7177
1071 1285
1270 4844
801 4228
551 2985
1668 8379
206 992
1075 2314
656 834
899 3653
433 1000
1520 4930
434 1226
1172 635
508 2183
198 1025
1374 1472
595 2830
461 2554
535 3181
761 1508
1128 2934
1377 4514
265 65
535 2652
1306 4830
1758 5320
1366 485
987 2500
398 1491
959 220
1700 5489
998 3238
391 1026
1752 7620
1367 8300
953 4331
201 108
719 1004
530 1004
1289 6437
1272 6741
1516 7479
1005 2913
857 3027
1132 859
1126 3277
436 2419
1260 7457
1637 3843
475 1672
727 2726
1574 8667
895 332
1437 7172
483 860
1425 4672
445 935
637 1018
983 4716
613 2450
846 4170
1508 3310
1638 6665
238 1185
1188 4153
692 2300
1519 4867
1053 1689
1679 5312
1565 6054
1625 2337
952 4281
1016 945
1097 5139
937 488
705 3323
1802 1520
797 1185
1275 4860
1620 6620
38 196
955 3917
1613 623
855 2255
1377 3142
892 549
897 3468
880 1192
1643 1751
665 181
1734 6673
986 2772
631 2513
618 1102
1274 4461
540 1447
605 1529
267 751
196 1114
1627 362
879 5312
1039 572
1801 5558
685 2868
552 3308
1429 7579
1280 7277
1816 950
810 944
1094 1349
1142 5435
1069 4452
537 935
988 3207
1015 4398
1301 5455
763 3059
801 2648
1311 231
1609 7947
1441 4495
1019 5685
1442 3962
999 5413
433 1160
969 1665
964 1076
1512 5884
1080 2019
1716 4824
1202 2496
1169 4058
629 1970
654 2863
1424 8303
496 1697
1099 1298
1349 3901
1371 3589
1744 3295
450 1318
1055 2084
925 4144
1503 4923
1064 3944
1661 6427
992 2340
130 622
1468 6356
816 4705
1672 4862
1000 3604
1479 891
792 3080
1445 6855
1904 3225
1770 6006
914 2441
989 3986
1237 4925
1634 2620
1424 5171
199 1067
1237 3560
1267 1531
1551 2214
1284 5917
1179 4609
868 4653
689 178
1585 7697
1696 5425
999 3507
1765 7204
1034 1870
1097 1244
1230 1645
604 529
1373 5880
275 390
1050 531
369 2132
209 352
126 390
707 800
719 4153
699 2884
167 894
959 1394
1150 4138
1031 4934
475 1826
576 765
1394 1762
475 2215
264 373
1545 7256
794 1768
233 716
1215 4167
1134 5763
71 307
1664 7413
998 4957
1744 4002
1094 839
464 1096
1005 2575
1331 7368
1278 3586
1467 225
506 891
1080 3682
907 1025
1475 6578
886 2569
681 3349
841 224
1145 2217
613 2238
942 886
1257 7626
1125 6309
1262 4982
1028 1883
1032 5244
803 4405
1702 2122
807 2736
1295 2966
509 644
1230 933
485 1369
793 4428
951 2665
1243 7013
670 105
1470 3108
308 1738
1533 2550
1410 5834
688 453
1031 1078
850 462
1464 7464
1112 659
1307 3710
904 1590
790 4635
216 1020
1599 6561
1078 2877
756 2138
913 2374
803 3075
1380 5818
741 4308
1482 1078
591 3146
596 3635
738 3595
794 4375
261 1432
1006 1305
669 1222
1201 1302
1027 5065
1506 5464
934 3000
1327 4353
858 2917
1309 3074
758 1279
754 1746
1715 293
639 1377
1007 1324
689 3707
874 1029
718 1226
775 591
1338 601
1400 6400
1130 1077
1431 4513
173 536
372 73
1188 2626
403 1030
1357 2426
1267 5106
1256 3256
933 1562
1688 4821
528 593
396 584
1396 2456
726 2580
970 117
1772 10673
1079 5896
814 4201
1585 8257
1258 1846
1548 5658
1193 1514
870 1056
1300 7029
1237 2187
720 3316
731 2518
1024 3124
754 1665
1701 7680
1275 6038
1562 5159
1056 3405
1451 2127
1367 2340
532 2540
789 1204
471 245
809 677
319 1180
196 22
741 4220
1455 4521
1639 8360
829 4897
1108 4025
1484 3685
1443 7610
962 2590
799 3421
924 5251
629 3084
830 802
1402 352
463 2176
934 3376
879 2094
854 2858
1491 3407
1941 7232
1203 3234
775 566
1123 4251
976 3645
1444 4322
1064 3411
768 1698
1405 7805
1232 6723
629 1468
1137 1766
